low,up,y_test
2.164367029223839,4.209291470970037,2.6666667
2.8217733705156682,4.709399222388119,1.3333334
1.6399521338940701,3.8030850096845414,3.3333333
3.2921646907605817,4.80985496603962,4.0
1.0,3.394986728107274,1.3333334
1.0049827033398238,3.3718998603146204,1.0
2.2803694272560104,4.2611705067620775,3.6666667
1.818612045725326,3.952356831268627,1.6666666
2.286412351845641,4.345417346682868,3.6666667
1.9425819186161306,3.987515171046846,3.6666667
1.692595109446453,3.8894343616987217,3.6666667
3.0110609481145776,4.679984955004499,4.0
1.0,3.320048048672894,2.3333333
3.133514439685049,4.505983835301309,4.0
3.2796984017544215,4.8413911825754266,4.3333335
3.40888752621134,5.0,3.6666667
3.355304625855031,5.0,4.0
1.0364319317532005,3.4122435162722358,1.3333334
2.9130380866384518,4.38544543999256,3.6666667
3.318720273633084,4.782573136206115,4.0
3.325142411270775,4.843417373404174,4.0
2.257312700466975,4.344800108895244,4.3333335
2.843858249872251,4.77833057609824,4.6666665
2.946351612477668,4.725063217914868,3.6666667
3.093963552857675,4.657345915016944,3.6666667
2.91305430307085,4.5479839371479285,3.6666667
2.9131701822025744,4.376134900623524,3.6666667
3.45896964914673,4.917376900941828,4.0
2.644842434012567,4.408121752330818,3.3333333
3.093118690745907,5.0,4.0
2.3264016468621507,4.429301549529702,3.6666667
3.4637901151066997,5.0,4.0
3.4634979561621644,4.942564698768274,4.6666665
3.088223307530235,4.66969628534671,3.6666667
3.305023928166694,5.0,4.6666665
3.3478590888331627,4.833950825398809,4.3333335
3.1655299108125856,4.6552252502265,4.3333335
2.9774215867754226,4.434506783414965,3.6666667
2.677687957130808,4.541580989110173,4.0
3.042883656363333,4.520434324449637,4.6666665
3.0901712099698417,4.6539122706929446,3.6666667
3.1601540791274765,4.850991998911516,2.6666667
1.0,3.312855787660758,1.3333334
2.456938445568374,4.5225428209533725,3.3333333
3.353635460282543,4.879522131451958,4.6666665
1.0,3.4296517850488035,1.6666666
2.2880291138541136,4.347114463084319,3.6666667
2.906816000592406,4.409441067776531,3.6666667
3.1141776975351334,4.531020823955,3.0
1.2601025011564486,3.5229789250829056,1.6666666
1.647847255038663,3.8530035200426536,3.6666667
3.083263349477123,4.870003039538045,4.3333335
3.436859833071437,4.878274220709888,4.3333335
1.0,3.3431186332434684,1.0
2.3101495322222885,4.3781288504329305,3.6666667
2.9772009527679195,4.496654407051215,4.0
2.7652512002807237,5.0,4.6666665
1.0,3.334324953170357,1.3333334
1.425998265561014,3.872363094047806,1.6666666
3.0075401643588195,4.682428149460974,4.0
1.0,3.335553011824347,2.0
3.034995094005807,4.642756289266005,3.3333333
1.0,3.3545971189795187,2.0
3.42097061607995,5.0,4.6666665
3.3819747815552335,5.0,4.3333335
3.4613624414821453,4.954260309592439,4.6666665
2.9881190263113995,4.653328851660673,3.0
2.3794583367310143,4.466241322197703,4.0
3.489746379072603,5.0,3.6666667
1.2715345854456614,3.532890487766916,1.6666666
3.2831793411509036,4.825174142652248,4.0
1.0159107915044139,3.361101276899503,2.0
2.4797484295564733,4.463061084133537,3.6666667
1.0,3.4707776357835485,1.3333334
2.785564638303338,4.487676338735065,4.0
2.840115671123682,4.723350683439431,4.6666665
2.8059770007442566,4.341427788869629,4.0
3.142284978174399,4.557011991141799,4.3333335
3.0842194816709356,4.534126520564715,3.6666667
1.6847157659187018,4.004484440352935,1.0
2.8878628861814235,4.559744382570274,2.3333333
3.1219435770549664,4.639374452858801,3.3333333
1.0251219900946804,3.399415757229723,1.0
3.4697244849172497,5.0,4.3333335
3.45358555841148,5.0,5.0
1.1250837003767034,3.688241353409647,1.0
2.3579053602440725,4.455696507997187,3.6666667
3.3372019056102147,4.74963918280946,4.0
2.3948626555327723,4.481209021469224,3.3333333
2.752381409082525,4.391853972332516,4.3333335
3.365680203678314,4.861693104467856,4.0
3.14165407948962,4.911629794228468,2.3333333
3.0685156937108244,4.6875218376740495,4.0
3.285589987202909,4.820318000659019,3.6666667
3.1251725810192394,4.638902732894067,4.0
2.8992819155135257,4.418724515561169,3.0
3.3375279427098654,5.0,4.0
3.1065922351116377,4.633701674244818,3.6666667
3.3825535918898915,4.875504945828828,3.3333333
2.0794807032183646,4.101625249597579,3.0
2.2977479154687415,4.267013744704485,3.3333333
1.0434884242498375,3.4175840445932066,2.0
3.4067349434525362,4.937079969138197,4.0
3.4480394741116878,4.916012007449922,4.3333335
2.8288006374858585,4.3375120282998605,3.6666667
3.08038506784576,4.5518957659511985,4.6666665
1.0,3.411048430504477,1.0
3.1073351526268587,4.537899295061559,5.0
3.4397008101055224,5.0,4.3333335
2.8201934317411976,4.716437756881028,3.6666667
1.122938497595577,3.4284571295641015,2.6666667
1.1250837003767034,3.688241353409647,1.0
2.262795962191363,4.357232394893609,3.0
3.1700504569989025,4.843065995087205,4.6666665
3.3550123919162345,4.87762800123814,4.6666665
3.107120387976621,4.641892782380438,3.3333333
3.4515500975146947,4.937082997626797,4.3333335
3.4745121949823754,5.0,4.3333335
3.1792846411413427,4.514975018530017,3.6666667
3.401479224909778,4.8357036335164185,3.6666667
2.723134080465341,4.561272561750262,3.3333333
2.5694922645974256,4.494411838135625,3.0
2.920199106591989,4.594344845430601,4.6666665
1.6102449096304787,3.934910348176589,3.0
2.055410070025836,4.226907785420087,2.6666667
2.8319468022869208,4.3393473224448424,4.0
3.117811134196537,4.542414060926806,4.3333335
2.898070374700544,4.59173300240415,4.3333335
1.0,3.3771397982650915,2.0
3.380008971023508,4.953428997484182,4.0
2.9785202076569215,4.637011699162252,3.0
1.5000651993140346,3.824617167785033,2.6666667
2.0690038850517305,4.247107776644238,4.3333335
3.3200261104958253,4.889312880792386,4.0
2.647699772279923,4.583633475273301,4.3333335
1.0,3.3665593973363217,2.0
3.0040574266672526,4.680467195281533,3.6666667
3.302479000534346,4.841338905588868,4.3333335
2.919202554720238,4.392317055223811,3.3333333
2.763298279619909,4.5008411130654125,3.3333333
3.447416153576117,4.907201867403925,4.6666665
2.9490825477227967,4.729391784683029,4.6666665
2.9162342225459006,4.399836178926698,3.3333333
3.1618930131311407,4.582395621992053,3.0
3.3430081772723588,4.8160520514898435,4.0
3.0247371154395633,4.620905447211235,4.6666665
3.40845981627282,4.896033313058997,4.6666665
1.0,3.4485328272336573,1.0
2.488530295328152,4.43222554058337,3.6666667
2.949768563611736,4.533885724691151,4.6666665
2.9935727566244026,4.66434551481778,3.6666667
2.5742128907072237,4.5601018483110085,4.0
3.215479960101625,4.877579692892272,4.0
1.0,3.3181943573253623,2.6666667
2.300515016850367,4.383469123943853,4.0
2.7073352894354095,4.428233558168332,1.6666666
2.2971989762248946,4.361060237740367,3.3333333
3.394020844800923,4.904417315893306,4.6666665
2.1334155309146103,4.174049199714967,1.0
1.7509858649005623,4.051292069259517,2.3333333
3.3669826765262725,4.834132786546012,4.0
3.1961042596808698,4.8472765322002305,4.3333335
2.550451088459147,4.501400495931645,3.3333333
1.1250837003767034,3.688241353409647,1.0
3.333843260573626,4.7945799009796595,3.6666667
2.2624888021727587,4.331185826020479,3.6666667
3.2011112621623776,4.661092784951093,4.3333335
2.3177340233538244,4.386434039807776,2.3333333
3.3821538190281406,5.0,5.0
1.0,3.382083454169889,3.0
2.2992130930551022,4.364046037149989,4.3333335
3.4512485657379854,4.9012258649547,5.0
2.311070483903264,4.389405437352452,4.0
2.299784275817373,4.373962726298415,3.0
2.643684289437458,4.589561906951118,3.0
3.480298853816553,5.0,3.6666667
3.417887727313228,4.884092334339451,4.0
1.0,3.339628671845247,3.6666667
2.632296401836187,4.465110810119725,1.6666666
1.7343652606740094,4.035666457781886,2.3333333
2.7020841478523847,4.634723759559719,4.3333335
1.0,3.32424725769882,1.6666666
2.3230533482923303,4.421103340412888,4.3333335
3.0620422985092404,4.826455922811856,3.6666667
2.75138975913397,4.591931820620863,2.3333333
2.7693714763488293,5.0,5.0
2.8901124822285293,4.518569868749837,3.0
3.464079565979106,4.936772214330166,4.6666665
3.155450264927504,4.853243540318996,4.0
2.8942716966286204,4.352861250722707,3.0
3.3238645120065504,4.797160427118231,4.3333335
3.113049981356907,4.896738656730907,4.3333335
3.1370804585657153,4.884088761706731,4.3333335
2.8155712959501007,4.348877092541947,3.6666667
3.3355420775595794,5.0,4.0
2.9019923769922746,4.818404148412244,3.6666667
3.442591091515185,4.981103083419573,4.6666665
3.1589628169473003,4.886758659738163,4.3333335
2.643060619276873,4.4550543580895665,4.3333335
1.8356070163016673,4.022115339083338,4.0
3.3190550360159636,4.789558613269197,4.0
1.0249718366430227,3.40728245780173,1.0
2.6590277065869663,4.629377408591292,4.3333335
3.035567618982135,4.535525975797889,4.3333335
3.28340445119706,4.915556576480141,4.6666665
1.0,3.470676731609606,1.0
2.3173045531323444,4.418728644187691,4.3333335
2.9943886393659307,4.628224092704432,4.3333335
3.3911099655794086,4.844617848338936,4.6666665
1.0,3.3218004533280046,3.3333333
2.2626385624803067,4.325000664137598,2.3333333
2.2656622938680693,4.317767321510079,3.3333333
2.845858160677971,4.372445285556384,4.0
2.58164032911987,4.46509866209631,4.0
3.1638364700829307,4.868857618180396,3.6666667
2.999229255148047,4.591418903935713,3.3333333
1.0,3.345872769367249,1.6666666
1.963354520420868,4.138325736218227,2.3333333
2.835709257712094,4.530839538596714,4.6666665
2.254058884143145,4.290771709154888,3.6666667
3.0987858316183603,4.944965523070866,4.6666665
2.9394968915548096,4.503271033085222,4.0
3.3868510719899287,5.0,4.3333335
2.8737479921700775,4.586433218759758,1.6666666
3.344876601949532,4.7871663190206695,4.0
2.9926298972689636,4.653242123148555,4.6666665
2.638057366457977,4.454602601787709,3.6666667
3.2660272291536123,4.788955113688976,4.3333335
3.3574029494256656,4.821532305262936,4.3333335
2.278436092119088,4.27214187402617,3.6666667
3.3569421927794325,4.836302201995488,4.3333335
3.0094396466148954,4.5065998059190635,3.3333333
2.9154238951188547,4.689497149982488,3.6666667
2.3610057814527243,4.430701610787243,2.0
3.389639340599286,4.892588756237393,4.6666665
3.338617278022133,4.8018540965557746,4.3333335
3.3341833839804216,5.0,3.0
3.3086264854593637,5.0,4.0
2.6844183082896653,4.428540058298278,3.6666667
3.1534523609726315,4.586588406749941,4.3333335
2.980850111383199,4.879073467911193,4.0
3.1853714094159136,4.883760653815249,4.6666665
3.345482237531886,4.831450952683617,4.0
1.0,3.33538479902482,1.0
3.401515618415756,4.866675168233334,4.0
3.3891594183521834,4.852968440464733,4.0
1.9324083446301574,3.983168104038118,3.6666667
2.451891265359095,4.498806670149515,3.6666667
3.3474055764321107,4.806292950955834,4.0
3.030094248163046,4.639685299336554,3.0
2.2855991933944755,4.357929901827562,3.6666667
1.644268050954335,3.8191284093413733,3.6666667
2.797930159948791,4.345341164820924,4.3333335
3.07667105500314,4.679873677089288,4.3333335
3.3303098936012545,4.833926768252707,4.3333335
2.659015925099851,4.483077320983204,3.6666667
2.7497551693996884,4.3833295853907375,2.6666667
2.1903427626280574,4.239240474673704,3.6666667
3.37851247698074,4.8703292147302175,4.3333335
2.8449587113479593,4.526195731628979,2.3333333
3.4726296965186902,5.0,4.6666665
3.1363694107962,4.596630541104831,3.6666667
3.3807077814065747,5.0,5.0
1.046735976569405,3.421821441042634,2.6666667
3.1090217028319795,4.598143791166894,4.6666665
3.375938089410713,5.0,3.0
1.7050544019621896,3.9987897831165746,2.6666667
3.2589454727017966,4.84913310081024,3.6666667
3.331256335867259,4.816868652148685,4.0
3.0511306367100355,4.788991161778016,3.6666667
2.9527061623668445,4.763209500328218,4.6666665
3.114638358707795,4.533394821143969,2.6666667
2.8795890780193147,4.359497457359155,3.6666667
1.0,3.336425986844068,1.0
3.2989628740108508,4.797626782297332,3.6666667
2.261830701998693,4.338894445131386,3.6666667
2.224317378065287,4.355463685228845,2.6666667
3.1467122863203474,4.84715516263958,4.0
3.432856673123365,5.0,4.6666665
2.1269964064568385,4.161723118834042,3.0
3.121512509820264,5.0,4.0
3.1451818799297118,4.89524185122328,4.0
2.7652512002807237,5.0,4.6666665
3.4120363667171727,4.9014130159794185,4.0
3.3698055711476016,4.8596152917170965,4.0
2.865108369051242,4.752115421963857,4.0
3.4616241141686723,5.0,4.0
1.1247925325992911,3.688532521187059,1.0
2.5282909109955654,4.381355592846389,3.6666667
3.0649493766403033,4.818808781116469,4.3333335
3.022287045846039,4.5754332042020165,4.6666665
2.4622946017754894,4.4695573133523485,2.6666667
2.3113082328944436,4.408116768379782,2.0
3.406639424830972,4.909285599314801,4.0
1.603973600193368,3.8161748956142345,2.3333333
2.990220699622061,4.887293612841539,3.6666667
2.2982904541825953,4.271941118655694,4.3333335
3.1394443318908793,4.88956381035337,3.6666667
2.8113849666037143,4.342177726579865,3.6666667
1.1281262442117963,3.504129490268932,2.0
2.2892738185861026,4.357221842271139,3.0
1.7204009907480844,4.0275607689194075,3.6666667
2.900999839944946,4.751501378271506,4.3333335
1.1275632475582404,3.690720900591184,1.0
2.741572217217424,4.387063441164028,4.6666665
3.3514174870455102,4.874207453640014,4.0
3.303942322247106,4.865129431506505,3.6666667
1.0154627091857569,3.360181957896839,2.6666667
1.0,3.338352351906848,1.0
3.153943180819911,4.516829209993691,4.0
2.4655804353550232,4.511998809967925,3.6666667
2.86693644267297,4.392702343466968,3.6666667
1.1033086725725454,3.4595907939937245,2.6666667
1.0,3.3299016192595134,1.0
1.081075089312019,3.6460081082729174,1.6666666
1.335463910423294,3.5460014413505387,2.6666667
3.1569203092894513,4.845967858098185,4.6666665
3.3518371136887053,4.807469189849294,4.0
2.8031991313161457,4.342547576199712,3.6666667
1.0101450191950716,3.3795947463137717,2.0
3.3694923353968633,4.853945546480853,4.0
1.9338558781528403,4.112070424700061,3.3333333
3.2321294410534,4.8941778276510455,4.6666665
2.7378159277817034,4.375612323209693,3.3333333
3.3810494244610414,4.8861170114746315,4.3333335
1.0,3.385973010264074,1.0
1.1109799208308628,3.464954401315988,2.6666667
2.837982550062602,4.404578152827944,4.0
3.1765926869610155,4.57056679761389,3.0
3.048734837515217,4.541038405724849,3.6666667
3.1667173425997883,4.854954319451123,3.6666667
3.4475616493408725,4.916030044894912,4.0
3.451784267415604,4.991911028492031,4.0
2.7680098687147083,4.3926392193070045,4.0
3.3154910696122535,4.785509857056054,4.0
2.9196844860846327,4.381709152680219,3.3333333
1.2848425409806554,3.6168817753605556,3.6666667
1.3166420469504123,3.6482235886862817,1.6666666
3.363166020624333,4.873025414150464,4.0
2.7652512002807237,5.0,5.0
2.2944270189268368,4.268950971593888,4.0
2.610050619084131,4.550149807554438,4.0
3.114054616680747,4.893866804143304,3.0
3.4745121949823754,5.0,4.6666665
2.9665650321583725,4.7119228812889435,3.6666667
2.707193140605643,4.4264959821199925,4.0
3.222695843049702,4.805268495357361,3.6666667
1.2839256790492701,3.6272310125474654,3.0
3.0721111386824203,4.643944503087274,4.6666665
3.399537171807872,5.0,4.6666665
1.0253677497252955,3.355063172469168,1.0
3.140431328199559,4.890025963114573,3.3333333
3.3712978436121666,4.85334999507625,4.6666665
3.5049257934651123,5.0,2.0
3.36231836985041,4.869788497594934,4.3333335
3.4176414246524103,4.870574766687931,4.0
1.8554275698723035,3.9195522494558945,3.6666667
3.331273045288153,4.8264562702632166,3.6666667
2.5845525381512777,4.520231033444786,3.6666667
3.443140668405898,5.0,4.0
1.0,3.3200536829904133,2.0
3.464259299366478,4.962329283319863,5.0
3.1314391808044855,4.602921065441592,4.0
2.9852955339173644,4.887539073772076,4.3333335
3.3871441825943887,4.8747701966788615,5.0
1.0,3.3485618352925384,1.3333334
2.315099337306202,4.385203520140012,3.0
2.260377593303531,4.369867426188556,3.3333333
2.6388683761068448,4.44835649109234,3.0
3.093818202509912,5.0,4.0
2.9072512156467596,4.616703272865727,4.6666665
1.0,3.3444690833725743,2.0
3.013641536755021,4.629262447492057,3.6666667
3.1980566372180177,4.68591991985984,3.0
3.351326784450632,5.0,4.6666665
3.138657855264759,4.909583833369556,2.6666667
2.71733051610596,4.602329231843184,4.3333335
2.765922875785491,5.0,4.6666665
2.8705880970918614,4.353273581510564,3.6666667
2.7380253540155985,4.393337451824128,4.0
3.0806372976661844,4.712835226360713,3.0
3.1011298743802493,4.5668890520417715,3.3333333
3.1209028407388013,4.543653572445567,4.3333335
3.096019290029324,4.822851420921866,4.3333335
1.0,3.343968218667105,2.0
3.2941598810799797,4.838006407064691,4.0
3.101491489657994,4.951882232359356,4.6666665
3.203887653529534,4.526178272928378,3.6666667
2.7507171813089566,5.0,4.6666665
3.4276026870887866,4.874649712395785,3.0
1.116865419696593,3.4544754587243354,1.6666666
1.3380757852663265,3.6457079967683574,3.3333333
3.102987814877261,4.86949180238975,4.6666665
2.540517236349809,4.535693672256889,2.6666667
2.866113441950138,4.584604873144746,3.6666667
2.7632318293428915,4.385918700334875,3.6666667
3.337184890460477,4.845947034159368,4.3333335
3.456424837287073,4.916990117500973,4.3333335
1.0,3.344209816634079,1.3333334
3.232869007733605,5.0,5.0
1.0,3.336253237502362,2.3333333
2.8974429008108507,4.419598142560682,4.0
3.0129707990509913,4.767962060964678,4.0
3.3371919185015484,5.0,4.3333335
2.906801552098921,4.3650050984458275,3.6666667
3.019650881123063,4.807435396839661,4.6666665
1.0252581026616354,3.401516649047956,1.0
3.135182767268373,4.511417700007671,3.6666667
2.8835912398925743,4.36387136423934,4.0
2.300675378650546,4.35104099552456,4.6666665
1.0,3.476591865903247,1.6666666
1.023388341310985,3.3572462065410433,2.3333333
1.0,3.361859405047415,1.0
2.948505778949733,4.750781514052876,4.3333335
3.23899269899332,4.812196939174811,4.6666665
1.0416457673287527,3.407126372318781,1.6666666
2.7652512002807237,5.0,5.0
2.875754227993927,4.634309791268372,1.3333334
3.4835461889293717,5.0,4.3333335
2.296835552237469,4.37456350975407,2.6666667
3.4306891862888103,5.0,4.0
1.0100546028421726,3.3796851626666706,1.0
2.898581494030782,4.399412199648973,4.3333335
3.1065082311607704,4.635156028986097,3.3333333
1.3850455517363576,3.613685405788787,3.0
3.3516135214749005,4.841089622398602,4.0
2.6307699565395146,4.577367763009545,4.0
2.8133383293412026,4.501637448022777,4.6666665
2.655707986085975,4.448226386224289,3.3333333
3.3022228712225665,4.811387356906009,2.6666667
3.075606686687843,4.489451798393817,3.0
2.9562442879817246,4.732451709266113,4.0
2.7652512002807237,5.0,4.6666665
3.1407541309862683,4.477771540437064,3.6666667
2.9224425958429885,4.849275853153264,3.0
3.3355420775595794,5.0,4.3333335
1.8009090523742566,4.009619420828526,4.0
1.342661673244112,3.4955700999318333,1.6666666
2.340335805879236,4.434115402470358,3.6666667
1.0,3.47266388096825,1.6666666
3.0592434275431577,4.676062557521251,5.0
2.7652512002807237,5.0,5.0
1.7153251466263355,3.850020197942596,2.3333333
3.181685212334368,4.787436597869459,4.0
2.9444914906629402,4.731698542309122,4.3333335
3.112738110536422,4.775800285527659,4.0
1.251348618537914,3.503897160545868,1.6666666
3.0161921915949756,4.791751825708416,5.0
3.3864805802685103,4.899657226411725,4.3333335
1.4711357999790748,3.715406214194475,1.3333334
3.3751264057322703,4.967413394267417,4.0
3.053286798313994,4.7038226123967215,4.0
2.40956481849884,4.488754260370696,3.3333333
2.8519361062836137,4.34157604575014,2.6666667
2.778134020718336,4.379536134190762,3.6666667
2.7999395476706717,4.607317597481039,4.3333335
2.792363639987185,4.371760147699044,4.3333335
2.5853411121498313,4.489420168883963,2.6666667
3.356950769610054,4.827153037079478,4.3333335
3.123668745631004,4.8867870815789605,3.0
1.0226215657292066,3.394363765192068,3.0
3.0938102448438376,4.544952065342488,4.6666665
3.4078212837167947,4.951259638726947,4.6666665
3.022702752431734,4.5261263057744685,4.0
3.415576811713086,4.86272294091175,4.0
3.03629678524924,4.478676792568446,3.6666667
1.2820217280534514,3.5004250563230483,2.3333333
2.3953992703656017,4.4435523109787844,3.3333333
3.4830991666354394,5.0,4.0
2.267643445092034,4.370875169583549,3.3333333
3.292710248093976,4.791191396676454,3.3333333
1.0172795423992258,3.3909888998129625,1.3333334
3.393340438103853,4.824721286864521,4.0
3.138351172634634,4.531516255879605,3.3333333
3.193203806152454,4.878293822879554,4.6666665
2.7693714763488293,5.0,4.6666665
1.8067919474234484,3.89539711863571,3.0
2.693010620132372,4.4136331182610515,4.0
3.1911235467264367,4.840268226845381,4.6666665
3.236990936616292,4.791779435722656,3.6666667
3.2184532588078687,4.913604361262048,4.0
3.034185387275992,4.822718800832961,3.3333333
2.664849145364969,4.43534258604609,3.3333333
1.0,3.4540398196960442,1.3333334
3.358426723461677,5.0,2.6666667
1.339739324134253,3.6687922795915013,1.3333334
3.2926118323361533,4.811299249655235,3.3333333
3.131177305748469,4.5997313223376715,4.0
2.90855454893111,4.369492861948855,3.6666667
3.3894212199877427,4.877718933832606,4.3333335
1.015615648319656,3.3709240891771843,2.0
3.1235390694937033,4.947961192022455,3.6666667
2.8293864675689586,4.336265552966255,3.3333333
2.2705699911802943,4.363099950630803,3.6666667
1.7947967206424098,3.9459383607221126,4.3333335
3.17937146011103,4.844187284590937,3.6666667
1.7627686816940227,3.8764228324195473,2.0
3.06657672513751,4.823089859404955,4.0
2.1070115418191158,4.305034855918499,3.0
2.431540009522865,4.512854944557075,4.3333335
3.1861881495973203,4.864741502307101,4.3333335
2.2711038353273976,4.341887903300394,4.3333335
1.0,3.3496500116353953,2.0
3.3509421056679694,5.0,4.6666665
1.0,3.3823399334661746,2.6666667
3.466790579561839,5.0,3.3333333
2.9185255239925336,4.845374504819036,4.6666665
2.3861675829928903,4.466852609572664,4.0
2.9926198397284622,4.553715519937537,4.0
2.275203271452138,4.371841060506842,2.6666667
1.0,3.341383773461226,2.0
1.9328876063656464,3.9908238605903943,4.0
2.973700350866009,4.553810100410285,3.6666667
2.2630050536256445,4.354764868416796,2.0
2.922942920887283,4.448877980742825,3.0
2.936925959399536,4.459062837318962,2.6666667
1.999685670723551,4.189043547950029,3.6666667
3.4408313975461864,5.0,4.0
2.658715019034779,4.454637923011095,3.3333333
2.671157808603165,4.488019525277287,3.3333333
3.4067078293564954,4.864713999766439,4.6666665
3.177923255721589,4.512882641272514,3.3333333
3.050876747472979,4.5697443334198145,4.3333335
3.4436265034433013,4.891219320654997,4.6666665
2.7652512002807237,5.0,4.6666665
1.2039524972642839,3.5336047468274687,2.0
3.0985796379703228,4.497136748205442,4.0
1.0,3.476591865903247,1.6666666
2.323398545236741,4.428121877610535,4.3333335
2.9130031609380818,4.37307108316144,4.6666665
2.309669658962637,4.363101634886642,2.6666667
1.047571039853213,3.3863370530871233,3.0
3.361655264204399,4.864857639992373,4.6666665
3.3141702997291427,4.786465834071891,5.0
3.257831740715778,4.866246790904144,4.3333335
1.0,3.3263997250466817,1.0
2.8582088062991535,4.342989779551244,5.0
2.779463965475022,4.380645321866841,4.0
3.142013204068623,4.570666818422501,2.6666667
1.0429678049987845,3.3557562128792564,3.3333333
3.3205371232228966,4.857278035271296,3.6666667
1.9680093940847447,4.002725753251585,3.6666667
2.9082592941639382,4.368690489954121,3.3333333
3.1860226306876855,4.903323362221372,4.3333335
1.3321457616870633,3.5878922076034465,3.0
1.0318452135736926,3.3964177618929945,2.6666667
2.775509712645698,4.684542032056392,3.6666667
3.2737015759198513,4.848799675197748,4.0
3.1365664071974564,4.567918592479505,3.6666667
1.0,3.344785425776954,2.0
2.4724438947372027,4.506116661014858,1.6666666
3.3524656889882882,5.0,4.6666665
1.0071668136131753,3.462878990787958,2.6666667
3.397562902652419,4.876957601430089,4.3333335
2.2925408313085422,4.3522303162734435,4.6666665
3.352499907186435,4.857135543896098,2.3333333
3.1232509909007566,4.511118526861242,3.6666667
1.0,3.380697136283197,3.0
3.364061810451157,4.865779193557347,4.0
1.0365997070334654,3.4143002466625836,1.0
3.4707711944048842,5.0,4.0
3.220792271924108,4.805076421165383,4.3333335
3.1708416865442355,4.526479764403538,3.6666667
1.3907759375096482,3.8345920290120343,1.6666666
3.339915032271745,4.814499206409066,4.6666665
3.4521000307730634,4.937115853471873,4.3333335
3.1135244242569273,4.45922980850986,3.3333333
1.0,3.4540398196960442,2.0
1.7029190780498888,4.026359055192686,3.6666667
3.122523597291381,4.4951984227798585,4.6666665
2.6631107547732134,4.526316811682453,3.0
2.9078852395869017,4.390202904683133,4.3333335
2.773299461283826,4.999007345894733,5.0
2.8049082123508793,4.339088619008765,3.3333333
3.1392637824514407,4.571309703330922,4.3333335
3.39531423902635,5.0,4.6666665
2.296771810638411,4.377790473392413,2.6666667
2.450076696087055,4.446107536881073,4.6666665
1.0,3.325560382853781,1.0
1.9829408096542533,4.161072725777093,2.0
3.1494348812349275,4.477603478511353,3.3333333
1.1250837003767034,3.688241353409647,1.0
2.8335612110298674,4.342944075631662,4.3333335
1.7010366336839287,3.8506026996981664,2.6666667
2.7652512002807237,5.0,4.6666665
3.4636840472235693,4.955025201264454,3.6666667
3.3456637113824694,5.0,5.0
1.1250837003767034,3.688241353409647,1.6666666
1.0,3.450111834761047,1.0
1.0,3.3491764526853425,1.6666666
3.0576918610834523,4.831851224609798,4.3333335
3.310367868933424,5.0,5.0
2.876189331740038,4.3596274849526955,4.0
3.0758146623761378,4.70024930695177,3.6666667
3.0963617365610663,4.523262814647163,3.6666667
1.03247760800556,3.36081640502968,1.0
2.9983219731238786,4.696167993712574,3.3333333
2.7725620135348676,4.382457762769659,4.3333335
2.7652512002807237,5.0,4.6666665
2.9627899513802913,4.625571331598531,4.6666665
3.0288187520790237,4.905797587301995,4.6666665
3.3974535155949095,4.838820805975912,4.3333335
2.1037245398544226,4.142777296775556,4.0
2.5259305672345254,4.5769573663021745,3.6666667
3.3310924022567003,5.0,3.0
2.713691084163106,4.419296688718593,2.6666667
2.7652512002807237,5.0,4.6666665
3.022395606628478,4.6026618884723405,3.6666667
1.0,3.331133421899187,2.3333333
3.429813756607011,4.886903203330782,4.0
2.3176665664077003,4.369269423685804,4.3333335
3.0901486052211697,4.513404508352746,3.3333333
3.2960647000636927,4.84051985675343,4.0
3.141444681932894,4.617536646505451,3.3333333
1.126548168229641,3.4968553557759896,2.0
3.4086464077506164,4.850553403711794,4.0
2.398802887595652,4.480929200213654,3.0
2.986758537773286,4.8860685901307415,4.0
3.022014598103421,4.66934354600067,3.6666667
3.06896890852718,4.468046051376324,4.3333335
1.0,3.43997135963163,1.0
3.144038840120679,4.572956847807054,3.6666667
2.2912131650717997,4.375822258838668,4.3333335
1.0,3.4660058632664095,1.0
2.2938206307842943,4.372657407838964,2.3333333
2.271251909688101,4.33674864598506,3.0
1.6402677564513328,3.8402968859462683,2.0
2.257508907599013,4.366667403083067,3.3333333
2.979808895502714,4.658148587241108,2.6666667
2.9558178662647507,4.476135391314222,3.6666667
2.8460874217344347,4.63757289446193,4.0
2.250699445926263,4.3588090677217615,3.3333333
3.22797593817655,4.613390931700828,3.0
2.763897607916401,5.0,5.0
2.6298132783830543,4.573409127959884,3.6666667
1.0,3.511223315031184,1.0
2.834713502034096,4.392756919364793,3.3333333
3.010283249714118,4.674071744415455,4.3333335
1.3551612444016432,3.7989773359040293,1.0
2.2719369326951107,4.337094507874706,2.3333333
3.0385012527931945,4.670692996879278,4.6666665
1.1655253138053296,3.4950883933446866,1.0
2.3672065219728946,4.446078246840859,3.3333333
1.0,3.343985360975659,1.0
3.289556329221466,4.828019606326402,4.0
1.9863965126670997,4.027903051786632,2.3333333
3.3718642824663405,4.875370158136457,2.6666667
3.311845872523286,4.806294024868784,4.3333335
2.007192482690332,4.1818929440441694,3.0
1.0,3.376605371796167,1.3333334
2.9681448888097446,5.0,5.0
3.1013915153935905,4.961723447752766,4.6666665
2.866761075794661,4.350740063868706,3.6666667
1.0,3.396064198129906,1.0
3.4051787236563356,4.863095542839672,4.0
3.1995479943811183,4.914311476922927,4.3333335
3.4327129817591926,5.0,4.6666665
2.43724830778703,4.426414046870589,4.3333335
3.2849766497107655,4.804157529492445,3.3333333
3.074777605368324,4.788750009617488,4.3333335
1.1250837003767034,3.688241353409647,1.0
3.3863619944090413,4.842458416930704,4.6666665
1.2381206392178805,3.59631085618536,3.0
3.4360870553586054,4.986787441449996,4.6666665
2.7052460784316077,4.420034072206136,4.3333335
2.9772444867053354,4.496697940988631,3.6666667
3.1301481765759904,4.871818783762854,3.0
1.3741762101345971,3.554684542318273,2.6666667
3.3507950115381875,4.86730212985932,4.3333335
1.1668622479086304,3.528994901771018,1.0
2.6969977394452638,4.409649536323917,2.3333333
3.4550274733112216,5.0,3.0
2.867593090900635,4.360342505826448,3.6666667
3.387329997618709,4.887869750980206,4.3333335
2.286803963951887,4.3576116275734575,3.6666667
2.8421556656218083,4.33398489446474,3.6666667
3.177657738034247,5.0,4.6666665
2.8268823194124106,4.60156779574265,3.6666667
3.3383155030865272,4.834577434652619,3.6666667
3.095263800333131,4.557959636621678,3.6666667
3.425383918485645,4.989389246482791,4.6666665
2.30317701776966,4.267222803359592,4.3333335
3.353334681095621,4.87837710226928,3.6666667
1.0,3.323800055581991,1.0
1.0165205050822732,3.384048949147814,1.6666666
3.4440071106641157,5.0,4.3333335
2.649024171368483,4.617501038384407,3.6666667
3.133413782421435,4.934104426684032,3.6666667
1.0,3.4515361034519536,2.0
3.3444189555051818,5.0,4.6666665
1.0,3.412235394250216,2.0
3.4363015539623047,5.0,4.0
3.0035632966234105,4.663470810246801,4.0
3.3478344161102482,4.8730178658019225,5.0
1.3355899473404478,3.664958863116646,3.0
3.228007558370565,5.0,4.3333335
2.324620533561803,4.419746022431927,3.6666667
3.1513112385407807,4.896251357254232,3.3333333
2.3917912275207507,4.461705095962392,4.3333335
