low,up,y_test
0.9999999403953552,3.1504809856414795,2.6666667
2.6540772914886475,4.882680892944336,4.3333335
3.176321029663086,5.0,4.0
2.9697701930999756,4.632214546203613,4.0
3.0996224880218506,5.0,3.6666667
0.9999999403953552,3.434937000274658,2.0
2.923983335494995,5.0,4.0
0.9999999403953552,2.3003153800964355,1.0
2.374189853668213,4.660460948944092,2.3333333
3.069106340408325,5.0,4.3333335
0.9999999403953552,2.977182388305664,1.0
1.9560073614120483,4.487722396850586,3.0
2.8822431564331055,5.0,4.0
2.287909507751465,4.51336145401001,3.0
1.4320565462112427,4.499536991119385,3.3333333
2.152029275894165,4.4265031814575195,2.6666667
2.7735607624053955,5.0,5.0
0.9999999403953552,3.1274302005767822,2.3333333
2.765774726867676,5.0,2.6666667
2.959394931793213,4.576745510101318,3.6666667
2.245988368988037,4.6354241371154785,2.3333333
3.2244348526000977,5.0,4.6666665
1.7205095291137695,4.65883207321167,4.3333335
2.710359811782837,4.846609115600586,3.0
3.133197546005249,5.0,4.6666665
2.802478075027466,5.0,4.3333335
1.227195382118225,3.425107479095459,3.0
3.22949481010437,5.0,4.0
3.800199270248413,5.0,4.0
0.9999999403953552,2.4601433277130127,1.6666666
2.0030040740966797,4.576577186584473,2.6666667
3.201075315475464,5.0,4.6666665
2.9415130615234375,5.0,4.0
4.430169105529785,5.0,4.6666665
0.9999999403953552,3.164785385131836,1.6666666
2.8069844245910645,5.0,3.3333333
2.8358840942382812,4.579584121704102,3.3333333
2.9093737602233887,5.0,4.3333335
2.749239683151245,5.0,3.6666667
2.5073254108428955,4.836571216583252,1.6666666
2.8279733657836914,5.0,4.3333335
2.380171537399292,4.574967384338379,4.3333335
2.7293126583099365,4.74397611618042,4.0
3.131999969482422,5.0,3.6666667
3.0222277641296387,5.0,3.6666667
3.363528251647949,5.0,5.0
2.477377414703369,4.910820960998535,3.6666667
1.855818271636963,4.645081520080566,3.3333333
2.5186190605163574,4.505550384521484,3.0
3.0521492958068848,5.0,4.3333335
0.9999999403953552,4.342318534851074,1.6666666
2.6096749305725098,4.346044063568115,4.3333335
3.049419641494751,5.0,4.6666665
1.2717229127883911,4.5046067237854,4.6666665
4.348335266113281,5.0,4.6666665
2.56381893157959,4.622893810272217,4.3333335
2.5756020545959473,4.800186634063721,4.3333335
2.4084761142730713,4.820061206817627,4.0
2.968402862548828,5.0,4.0
0.9999999403953552,3.4200809001922607,2.3333333
2.7219536304473877,4.980443477630615,4.0
3.363090991973877,5.0,4.6666665
1.0171045064926147,3.3863213062286377,1.0
2.926539182662964,5.0,4.6666665
3.556828260421753,5.0,4.3333335
3.258465051651001,5.0,4.0
2.5534796714782715,4.563963890075684,2.0
2.948066234588623,4.9879679679870605,3.6666667
0.9999999403953552,3.099287986755371,1.3333334
4.366143226623535,5.0,5.0
3.1168384552001953,5.0,2.6666667
2.5585007667541504,4.7810750007629395,3.0
2.763136148452759,5.0,4.6666665
1.2549413442611694,4.436233997344971,3.3333333
3.0486459732055664,5.0,4.0
2.7505717277526855,5.0,4.0
1.2824496030807495,3.383385181427002,1.6666666
3.727917194366455,5.0,4.6666665
2.9362847805023193,5.0,4.6666665
2.3223955631256104,4.613165855407715,2.3333333
2.980663299560547,5.0,3.6666667
3.211996078491211,5.0,4.6666665
2.9892048835754395,5.0,4.6666665
3.141129493713379,5.0,3.6666667
2.605419158935547,4.8828206062316895,3.6666667
2.947058916091919,5.0,3.6666667
2.152331590652466,4.496927738189697,2.3333333
3.180967092514038,5.0,3.6666667
0.9999999403953552,3.0759847164154053,1.0
3.3797600269317627,5.0,3.6666667
3.2700560092926025,5.0,3.3333333
3.2374401092529297,5.0,4.0
2.303447961807251,4.507946968078613,4.0
2.9275624752044678,5.0,4.6666665
2.4608776569366455,4.74888277053833,3.3333333
3.027174472808838,5.0,4.3333335
0.9999999403953552,3.064485788345337,1.0
2.7493739128112793,5.0,4.0
0.9999999403953552,2.2729859352111816,1.0
3.0667481422424316,5.0,3.3333333
4.031306743621826,5.0,4.6666665
4.20228910446167,5.0,4.6666665
2.72360897064209,5.0,3.3333333
2.363314628601074,4.549182891845703,3.3333333
2.602797508239746,4.907231330871582,4.0
3.2123160362243652,5.0,4.6666665
3.1925604343414307,5.0,3.0
2.808323860168457,4.5776262283325195,3.3333333
1.6674712896347046,4.123723983764648,3.6666667
2.7494938373565674,4.883933067321777,4.3333335
1.1064218282699585,3.3061277866363525,2.6666667
2.4054574966430664,4.694301128387451,3.6666667
0.9999999403953552,3.124727487564087,1.0
0.9999999403953552,4.650976657867432,4.0
2.968184471130371,5.0,4.0
0.9999999403953552,3.156891107559204,3.0
1.0557254552841187,3.2162511348724365,3.0
2.4391467571258545,4.682293891906738,4.6666665
3.0875563621520996,5.0,4.0
2.2311954498291016,4.596572399139404,3.0
0.9999999403953552,3.2879586219787598,2.3333333
3.1638221740722656,5.0,4.6666665
1.6444461345672607,4.522425651550293,2.3333333
2.573695182800293,4.574429988861084,3.0
2.7711920738220215,5.0,4.0
3.1555140018463135,5.0,4.3333335
2.7426645755767822,5.0,3.0
0.9999999403953552,3.184204578399658,1.0
0.9999999403953552,3.6165928840637207,1.0
0.9999999403953552,2.650094509124756,1.0
2.4056711196899414,4.595757961273193,3.3333333
3.361398458480835,5.0,3.6666667
2.7826225757598877,4.929039478302002,3.6666667
3.133125066757202,5.0,4.0
3.2998244762420654,5.0,3.6666667
3.1103103160858154,4.5889692306518555,3.3333333
3.103142738342285,5.0,4.0
2.9138500690460205,4.860446929931641,3.6666667
3.0645573139190674,5.0,4.3333335
2.379608631134033,4.689887046813965,4.0
2.3410274982452393,4.709560394287109,3.0
2.307298183441162,4.543502330780029,2.6666667
0.9999999403953552,3.7382891178131104,2.6666667
1.044942021369934,3.4011051654815674,2.3333333
3.11858868598938,5.0,3.6666667
2.791334629058838,5.0,4.0
3.187633991241455,5.0,4.6666665
3.0920157432556152,5.0,3.0
2.670177698135376,4.858803749084473,3.6666667
2.7611608505249023,4.994256973266602,4.0
2.9917235374450684,5.0,4.0
1.9580833911895752,4.618294715881348,4.6666665
4.3789777755737305,5.0,4.6666665
2.2755353450775146,4.38529109954834,3.6666667
3.0702719688415527,5.0,4.3333335
1.2593289613723755,3.144374370574951,2.0
3.3923304080963135,5.0,4.0
0.9999999403953552,4.592098236083984,1.0
2.8379065990448,4.638113021850586,3.6666667
2.927729368209839,5.0,4.6666665
3.7462995052337646,5.0,4.6666665
1.0837708711624146,3.1433496475219727,1.6666666
2.8411495685577393,4.620575904846191,3.6666667
2.3276548385620117,4.534353733062744,4.0
2.3585543632507324,4.596689701080322,4.0
2.5288302898406982,4.724527835845947,3.3333333
2.279717206954956,4.501530647277832,4.0
2.7711920738220215,5.0,4.0
2.058228015899658,4.611262321472168,3.6666667
3.1443395614624023,5.0,3.3333333
0.9999999403953552,2.9407036304473877,1.0
1.977027416229248,4.68992280960083,3.3333333
0.9999999403953552,2.9742178916931152,1.0
2.8805623054504395,5.0,4.6666665
2.712007522583008,4.985134601593018,4.3333335
3.0624425411224365,5.0,4.6666665
3.3211562633514404,5.0,3.3333333
0.9999999403953552,2.7738611698150635,1.3333334
3.296419858932495,5.0,5.0
2.6260437965393066,5.0,2.6666667
3.0050439834594727,5.0,4.0
0.9999999403953552,3.189751148223877,1.6666666
3.0569326877593994,5.0,4.3333335
3.247727155685425,4.824679851531982,4.0
2.156327486038208,4.385640621185303,3.6666667
3.0981481075286865,5.0,3.6666667
2.600379705429077,4.694468975067139,4.3333335
2.9385271072387695,5.0,3.6666667
3.1594924926757812,5.0,4.0
0.9999999403953552,3.0999743938446045,1.0
0.9999999403953552,3.075446367263794,1.0
0.9999999403953552,2.5467543601989746,1.6666666
0.9999999403953552,3.156111240386963,2.0
3.1979734897613525,5.0,4.3333335
1.2747880220413208,3.3090062141418457,2.0
2.8001575469970703,4.9735941886901855,4.3333335
2.9180960655212402,5.0,4.6666665
2.467069625854492,4.799293041229248,4.3333335
2.5877678394317627,4.982991695404053,4.0
1.2008525133132935,3.5231025218963623,2.3333333
2.5388171672821045,4.740001678466797,4.0
2.7475314140319824,4.823860168457031,4.0
1.1042062044143677,3.7472848892211914,3.0
0.9999999403953552,3.0294435024261475,2.0
0.9999999403953552,3.140409231185913,2.0
2.3055663108825684,4.73421573638916,4.0
2.6089563369750977,4.614349365234375,4.0
2.909595489501953,5.0,1.6666666
0.9999999403953552,4.659422874450684,4.3333335
2.995985507965088,5.0,4.3333335
0.9999999403953552,3.405545473098755,3.0
2.9028055667877197,4.970952987670898,4.3333335
2.929276943206787,5.0,4.3333335
2.863152503967285,5.0,4.6666665
0.9999999403953552,2.947171211242676,2.3333333
3.2899367809295654,4.8863019943237305,3.3333333
3.215090751647949,4.549810886383057,4.0
2.261514663696289,4.5263285636901855,3.0
0.9999999403953552,2.9643683433532715,2.0
3.128039598464966,5.0,4.3333335
3.117804765701294,5.0,4.3333335
2.997814416885376,5.0,4.6666665
0.9999999403953552,3.3159852027893066,4.0
3.308772563934326,5.0,4.0
2.9648597240448,5.0,3.3333333
2.9304068088531494,5.0,4.0
0.9999999403953552,3.2869343757629395,2.3333333
3.162989854812622,5.0,4.6666665
2.473895311355591,4.72327995300293,1.0
2.7592902183532715,5.0,4.6666665
2.625227212905884,4.581827640533447,3.6666667
2.8141980171203613,5.0,1.3333334
3.7114012241363525,5.0,4.0
3.7078936100006104,5.0,4.3333335
2.1425440311431885,4.535989284515381,2.0
4.365579605102539,5.0,4.6666665
2.7120726108551025,4.925593376159668,4.3333335
3.251972198486328,5.0,4.0
2.1315195560455322,4.4914960861206055,4.6666665
1.2251652479171753,4.399646282196045,3.6666667
2.722099542617798,5.0,3.0
2.6289310455322266,4.967372417449951,3.6666667
2.6633565425872803,4.571861743927002,2.3333333
3.1462178230285645,5.0,4.6666665
2.610353708267212,4.559003829956055,3.0
2.4378721714019775,4.610448360443115,4.0
3.0659799575805664,5.0,4.6666665
2.3915810585021973,4.461755752563477,3.6666667
2.993544101715088,5.0,3.6666667
2.737302780151367,5.0,1.3333334
2.532073497772217,4.816103935241699,3.3333333
2.4733245372772217,4.556300163269043,3.3333333
2.9140021800994873,5.0,2.0
2.960777759552002,5.0,4.6666665
2.4110910892486572,4.571723937988281,4.3333335
0.9999999403953552,3.173750162124634,2.0
3.1350996494293213,4.992935657501221,3.6666667
2.801539897918701,5.0,3.6666667
1.1747156381607056,3.2774806022644043,1.6666666
3.076395034790039,5.0,3.6666667
2.962602138519287,5.0,3.6666667
1.221861720085144,4.392489433288574,2.3333333
0.9999999403953552,3.17510724067688,2.0
3.120968818664551,5.0,4.6666665
2.256598472595215,4.288595676422119,4.3333335
3.223137855529785,5.0,3.6666667
3.2892343997955322,5.0,3.6666667
1.1789745092391968,3.368216037750244,1.0
3.3917109966278076,5.0,3.6666667
3.242887496948242,5.0,3.3333333
2.9067747592926025,5.0,5.0
4.062537670135498,5.0,4.3333335
2.9127213954925537,5.0,4.0
2.731203079223633,5.0,4.0
0.9999999403953552,4.02015495300293,3.0
0.9999999403953552,3.4372336864471436,2.0
2.6359126567840576,4.731074333190918,4.6666665
2.3526673316955566,4.627018928527832,4.0
1.1789745092391968,3.368216037750244,1.3333334
2.6651906967163086,4.583103179931641,1.0
0.9999999403953552,2.2774016857147217,1.6666666
2.383349895477295,4.42985200881958,3.3333333
2.3366756439208984,4.526777267456055,2.3333333
1.5744074583053589,4.541209697723389,4.0
2.9863250255584717,5.0,4.0
3.077017068862915,5.0,4.0
2.77706241607666,5.0,4.6666665
0.9999999403953552,2.633164882659912,1.3333334
3.5408589839935303,5.0,4.0
2.9900200366973877,5.0,3.6666667
3.6700594425201416,5.0,4.0
3.499546527862549,5.0,4.0
2.6800999641418457,4.622905254364014,3.0
2.803356885910034,4.590526103973389,2.6666667
2.880784034729004,5.0,5.0
2.8042449951171875,4.701913356781006,2.6666667
3.3261632919311523,5.0,4.6666665
2.545149803161621,4.910496234893799,3.0
2.0976624488830566,4.547524929046631,3.0
1.865188717842102,4.422766208648682,2.0
2.5856668949127197,4.524697780609131,3.3333333
1.1332372426986694,3.1971116065979004,1.0
3.2871148586273193,5.0,4.0
2.9260823726654053,5.0,4.0
0.9999999403953552,3.1342551708221436,1.6666666
1.9551458358764648,4.540176868438721,3.6666667
0.9999999403953552,3.102800130844116,3.0
2.8913915157318115,5.0,4.0
3.258434295654297,5.0,4.0
2.4801793098449707,4.7201714515686035,3.6666667
2.5735325813293457,4.950712203979492,4.0
3.1459882259368896,5.0,4.0
1.0783485174179077,3.3576784133911133,2.6666667
3.2537147998809814,5.0,3.3333333
2.712926149368286,4.614418029785156,3.0
3.3790860176086426,5.0,4.0
3.0672261714935303,5.0,2.0
1.096542477607727,3.5781428813934326,3.0
3.2700560092926025,5.0,3.0
2.57358717918396,4.576286792755127,4.3333335
2.5812926292419434,4.744537353515625,3.3333333
3.0919618606567383,5.0,4.3333335
2.6431174278259277,4.976149082183838,3.3333333
3.1778275966644287,5.0,4.6666665
0.9999999403953552,4.057485580444336,3.0
2.5278127193450928,4.579477787017822,3.6666667
1.8725239038467407,4.403398513793945,3.0
2.976337432861328,5.0,4.6666665
2.297480821609497,4.5944108963012695,1.0
2.2761669158935547,4.508281707763672,3.6666667
1.2808624505996704,4.385210990905762,2.3333333
3.357447624206543,5.0,4.3333335
2.8030433654785156,4.913532257080078,3.3333333
1.0067797899246216,3.4606125354766846,2.3333333
2.8894903659820557,5.0,2.6666667
2.670551061630249,5.0,3.0
2.894930362701416,5.0,3.6666667
2.165663003921509,4.561140060424805,1.0
3.1243996620178223,5.0,3.6666667
3.073953151702881,5.0,4.3333335
2.77185320854187,4.956327438354492,3.6666667
2.7699501514434814,5.0,3.6666667
2.7711920738220215,5.0,4.0
2.4248955249786377,4.425330638885498,3.3333333
2.8247292041778564,5.0,3.6666667
0.9999999403953552,3.1666717529296875,1.3333334
3.2016336917877197,5.0,4.3333335
2.599299669265747,4.726033687591553,3.6666667
3.01304292678833,5.0,4.3333335
2.7187087535858154,5.0,3.0
1.124158263206482,3.391572952270508,2.6666667
2.863152503967285,5.0,4.6666665
2.7353670597076416,4.6839985847473145,2.6666667
1.9197256565093994,4.468196392059326,1.0
2.474093198776245,4.762889862060547,4.3333335
2.5145211219787598,4.615379810333252,3.3333333
2.935218572616577,5.0,4.6666665
1.1747156381607056,3.2774806022644043,1.3333334
1.9313355684280396,4.4444074630737305,2.6666667
2.513610601425171,4.801249980926514,4.0
4.372808456420898,5.0,5.0
3.180865526199341,5.0,3.6666667
2.5672028064727783,4.713217258453369,4.0
3.224517345428467,4.989198207855225,4.3333335
2.631375551223755,4.944554805755615,4.0
2.180976390838623,4.517857551574707,3.6666667
0.9999999403953552,3.3537778854370117,2.0
3.307377815246582,5.0,4.3333335
1.9232466220855713,4.56814432144165,1.0
2.859159469604492,5.0,4.0
0.9999999403953552,3.1763195991516113,1.6666666
0.9999999403953552,3.259293794631958,1.6666666
2.229186773300171,4.480679988861084,3.6666667
3.2123160362243652,5.0,4.6666665
0.9999999403953552,3.7831883430480957,2.3333333
3.1480209827423096,5.0,4.0
2.562288761138916,4.540437698364258,2.0
3.2009365558624268,5.0,4.3333335
2.940157651901245,5.0,3.3333333
3.0033740997314453,5.0,4.0
0.9999999403953552,2.965104579925537,1.0
4.062537670135498,5.0,4.3333335
2.909595489501953,5.0,1.6666666
1.2883964776992798,3.4746921062469482,3.6666667
2.77706241607666,5.0,4.6666665
3.713512897491455,5.0,4.0
2.3807168006896973,4.569478511810303,3.6666667
2.7363171577453613,5.0,4.3333335
3.2620322704315186,5.0,4.3333335
3.178133010864258,5.0,4.0
0.9999999403953552,3.014646053314209,1.6666666
0.9999999403953552,3.3069393634796143,3.0
3.042480230331421,5.0,3.6666667
0.9999999403953552,3.3914475440979004,2.6666667
2.5103721618652344,4.728665828704834,3.6666667
1.0783611536026,3.216750144958496,2.0
2.9156548976898193,5.0,3.6666667
0.9999999403953552,2.767462968826294,2.0
1.2974857091903687,4.410488605499268,2.6666667
3.095764636993408,5.0,4.6666665
2.8292644023895264,5.0,4.3333335
1.9438261985778809,4.468393325805664,4.0
2.595515489578247,5.0,3.3333333
4.357811450958252,5.0,5.0
2.2875404357910156,4.623415470123291,4.3333335
1.813726782798767,4.502301216125488,1.0
3.22200345993042,5.0,4.3333335
2.3460612297058105,4.961426258087158,3.6666667
3.200737714767456,4.830434799194336,3.6666667
2.5292794704437256,5.0,2.3333333
1.7370216846466064,4.546194553375244,2.0
2.249600887298584,4.5406389236450195,1.3333334
3.290346145629883,5.0,4.0
3.186044692993164,5.0,3.0
3.032381534576416,5.0,4.3333335
2.599839448928833,4.806373119354248,4.0
3.181485891342163,5.0,4.6666665
2.6488735675811768,4.7953925132751465,4.6666665
2.8932034969329834,5.0,1.6666666
1.610385775566101,4.515787124633789,3.3333333
3.223989486694336,5.0,5.0
0.9999999403953552,3.242677927017212,3.6666667
1.500125765800476,4.443273544311523,4.0
0.9999999403953552,3.1186459064483643,1.0
3.237661361694336,5.0,4.3333335
1.253989577293396,3.5045571327209473,3.0
0.9999999403953552,3.185243606567383,1.0
2.9155385494232178,4.894765853881836,4.3333335
2.491594076156616,4.833731174468994,3.0
2.8904526233673096,5.0,4.6666665
3.704390048980713,5.0,5.0
3.1358702182769775,5.0,4.3333335
2.77706241607666,5.0,4.6666665
0.9999999403953552,3.006634473800659,1.6666666
1.062491536140442,3.190474033355713,2.0
3.15946364402771,5.0,3.3333333
3.0182697772979736,5.0,3.6666667
2.6353743076324463,4.549386024475098,4.3333335
2.6439595222473145,5.0,4.0
3.779672384262085,5.0,4.6666665
2.352023124694824,4.79564905166626,4.6666665
3.2551627159118652,5.0,4.3333335
3.057706356048584,5.0,4.6666665
1.8888800144195557,4.667500019073486,3.6666667
2.5735740661621094,4.909979343414307,4.0
2.2833971977233887,4.525632858276367,3.6666667
3.295583486557007,5.0,3.6666667
2.9223711490631104,5.0,4.3333335
3.1768791675567627,5.0,4.0
3.0419061183929443,5.0,4.0
3.3101630210876465,5.0,4.0
2.084988594055176,4.427945137023926,3.3333333
2.4701645374298096,4.581145286560059,3.6666667
2.063429117202759,4.579477787017822,4.0
2.836017608642578,4.592557430267334,3.0
3.0578055381774902,5.0,4.6666665
2.8669779300689697,5.0,4.6666665
1.7126822471618652,4.4394378662109375,1.3333334
2.040869951248169,4.307104587554932,2.3333333
2.503092050552368,4.9500017166137695,2.6666667
2.3016858100891113,4.393743515014648,3.6666667
3.417107582092285,5.0,5.0
2.9273386001586914,5.0,4.6666665
3.034306764602661,5.0,4.3333335
3.0324018001556396,5.0,4.0
1.9587218761444092,4.67765998840332,4.6666665
1.211630940437317,3.5668487548828125,1.6666666
1.074727177619934,3.489514112472534,2.6666667
4.2179951667785645,5.0,4.6666665
2.892775297164917,4.906079292297363,5.0
2.7503695487976074,4.814921855926514,4.0
0.9999999403953552,4.645773887634277,4.6666665
0.9999999403953552,3.1626169681549072,1.6666666
1.9320565462112427,4.373178482055664,2.0
3.17285418510437,5.0,4.0
2.7972776889801025,4.63603401184082,4.0
2.396913766860962,4.558043479919434,3.3333333
0.9999999403953552,3.2441976070404053,2.0
2.4228432178497314,4.6166558265686035,2.6666667
0.9999999403953552,3.0908164978027344,1.6666666
1.2842768430709839,4.412985801696777,3.3333333
4.062537670135498,5.0,4.3333335
0.9999999403953552,3.172600030899048,1.6666666
1.2167021036148071,3.694573163986206,3.0
3.4563286304473877,5.0,4.3333335
2.506248950958252,4.802716255187988,3.3333333
3.3585612773895264,5.0,4.3333335
3.0232937335968018,4.944277763366699,4.3333335
3.0789241790771484,5.0,3.6666667
0.9999999403953552,3.126344680786133,1.0
3.2967398166656494,5.0,4.3333335
0.9999999403953552,3.191056966781616,2.3333333
2.419787883758545,4.721634864807129,3.6666667
2.97461199760437,5.0,4.3333335
0.9999999403953552,3.2344799041748047,1.6666666
0.9999999403953552,3.1451010704040527,1.0
3.0741655826568604,5.0,4.6666665
2.9731221199035645,5.0,3.3333333
2.8518240451812744,5.0,4.3333335
1.2409929037094116,4.48910665512085,2.6666667
2.844517946243286,5.0,4.6666665
3.0439634323120117,5.0,3.0
0.9999999403953552,4.408200740814209,4.6666665
3.9236934185028076,5.0,4.0
2.9463162422180176,5.0,3.0
0.9999999403953552,3.237626075744629,3.6666667
2.9702510833740234,5.0,5.0
2.9715189933776855,4.6438307762146,3.6666667
0.9999999403953552,4.60680627822876,3.6666667
2.7276220321655273,5.0,2.6666667
0.9999999403953552,3.1551320552825928,2.0
2.568831205368042,4.909420013427734,4.3333335
3.0946409702301025,5.0,3.6666667
2.9377129077911377,5.0,4.6666665
2.9275624752044678,5.0,5.0
2.852679967880249,4.670901775360107,3.6666667
2.4179491996765137,4.597949981689453,3.3333333
0.9999999403953552,3.2846593856811523,1.6666666
2.4733293056488037,4.608154773712158,4.0
3.0380361080169678,5.0,4.3333335
2.945347547531128,5.0,3.6666667
0.9999999403953552,3.2709028720855713,1.6666666
2.2108495235443115,4.6153883934021,4.3333335
2.94008469581604,5.0,5.0
0.9999999403953552,3.196417808532715,2.0
2.8110225200653076,5.0,4.0
2.4739913940429688,4.5404133796691895,4.0
3.0791842937469482,5.0,4.0
2.5090243816375732,4.587032318115234,3.3333333
3.418905735015869,5.0,4.6666665
3.1485836505889893,5.0,3.6666667
4.372808456420898,5.0,5.0
2.2004334926605225,4.662069797515869,3.6666667
3.3253793716430664,5.0,4.3333335
0.9999999403953552,3.1815898418426514,1.6666666
2.947423219680786,5.0,4.3333335
2.5739924907684326,4.581129550933838,4.3333335
1.8925135135650635,4.382850170135498,3.3333333
2.8850581645965576,5.0,4.0
0.9999999403953552,3.2271835803985596,2.0
3.3501741886138916,5.0,4.0
2.930939197540283,5.0,3.3333333
2.9601025581359863,5.0,4.3333335
2.6762592792510986,4.813636302947998,3.6666667
3.120852470397949,5.0,4.0
2.9059817790985107,4.8674492835998535,4.3333335
2.4872496128082275,4.9001383781433105,3.6666667
3.150696039199829,5.0,4.6666665
2.6405694484710693,4.807289123535156,4.3333335
2.6123206615448,4.914074420928955,3.3333333
2.974654197692871,5.0,4.6666665
3.1583704948425293,5.0,4.6666665
2.414142608642578,4.431846618652344,3.0
3.0454092025756836,5.0,3.3333333
3.313206434249878,5.0,3.6666667
2.6566784381866455,4.810300350189209,3.0
3.239835739135742,5.0,4.0
1.2136520147323608,3.516880512237549,3.3333333
0.9999999403953552,3.128767967224121,2.3333333
1.54287850856781,4.420732021331787,3.0
0.9999999403953552,3.094881534576416,1.0
3.8508756160736084,5.0,3.6666667
0.9999999403953552,3.240396022796631,1.6666666
3.0502195358276367,5.0,3.6666667
0.9999999403953552,3.1375904083251953,1.3333334
2.558563232421875,4.919638633728027,4.0
3.241990804672241,5.0,4.6666665
3.0568368434906006,5.0,4.0
3.6578683853149414,5.0,4.6666665
2.820249319076538,5.0,4.3333335
2.9874937534332275,5.0,4.0
3.022289514541626,5.0,4.0
2.274759531021118,4.4507527351379395,4.0
2.9730846881866455,4.981048107147217,4.3333335
2.5733537673950195,5.0,4.6666665
3.1687750816345215,5.0,4.3333335
1.0220483541488647,3.336202621459961,3.3333333
3.3829784393310547,5.0,3.6666667
0.9999999403953552,3.097959280014038,1.0
0.9999999403953552,3.188112497329712,2.3333333
3.268397569656372,4.880662441253662,3.6666667
0.9999999403953552,3.1326746940612793,1.0
2.5037589073181152,4.715950012207031,3.6666667
2.957404136657715,5.0,4.0
2.0080318450927734,4.413702487945557,3.6666667
0.9999999403953552,2.7130532264709473,1.6666666
2.989462375640869,5.0,3.6666667
2.3023598194122314,4.682125091552734,3.3333333
3.305983781814575,5.0,4.3333335
4.364147663116455,5.0,4.6666665
2.9088451862335205,5.0,3.6666667
0.9999999403953552,3.0049619674682617,1.6666666
0.9999999403953552,3.3585989475250244,3.6666667
3.3288464546203613,5.0,4.3333335
3.332723379135132,5.0,3.3333333
3.7252020835876465,5.0,4.0
3.0838732719421387,5.0,4.6666665
4.348335266113281,5.0,4.6666665
0.9999999403953552,2.7458808422088623,1.6666666
2.7880454063415527,5.0,4.6666665
2.577852249145508,4.472808837890625,4.3333335
2.5504186153411865,4.77136754989624,3.0
2.528672695159912,4.746864318847656,3.3333333
1.4739266633987427,3.5662152767181396,2.6666667
2.9635212421417236,4.920492172241211,3.3333333
2.9918229579925537,5.0,3.0
2.5112860202789307,4.7489495277404785,3.3333333
2.8975632190704346,5.0,4.3333335
2.1695797443389893,4.400099277496338,1.6666666
2.849621534347534,5.0,4.6666665
2.7364046573638916,5.0,4.0
2.9333879947662354,5.0,3.0
2.8974151611328125,5.0,3.3333333
3.093987226486206,5.0,4.0
3.345860719680786,5.0,4.3333335
2.51519775390625,4.81058931350708,4.0
2.4726245403289795,4.747549057006836,4.0
2.926893472671509,5.0,5.0
3.1375575065612793,5.0,5.0
2.9207983016967773,5.0,5.0
3.0123860836029053,5.0,3.0
3.2624330520629883,5.0,3.6666667
2.635669708251953,4.9126105308532715,3.3333333
0.9999999403953552,3.0921056270599365,2.6666667
2.667104721069336,4.645922660827637,4.3333335
0.9999999403953552,3.0898945331573486,1.0
2.660655975341797,5.0,3.3333333
0.9999999403953552,2.984992265701294,1.0
2.5977940559387207,4.71262264251709,4.3333335
2.9145636558532715,5.0,4.6666665
2.9850552082061768,5.0,3.0
3.4698104858398438,5.0,4.0
2.893650770187378,5.0,5.0
2.854893445968628,5.0,3.3333333
0.9999999403953552,3.0300960540771484,2.6666667
0.9999999403953552,3.1693339347839355,2.6666667
2.8134634494781494,5.0,3.6666667
1.6184719800949097,4.428103446960449,1.6666666
1.6437835693359375,4.5380730628967285,2.6666667
2.6915977001190186,5.0,4.0
2.908764362335205,5.0,3.6666667
0.9999999403953552,3.0158088207244873,1.6666666
3.4125683307647705,5.0,4.0
3.0006864070892334,5.0,4.0
1.8035924434661865,4.326733589172363,3.3333333
3.1598637104034424,5.0,4.6666665
3.264356851577759,5.0,3.6666667
3.490642786026001,5.0,4.0
2.8982207775115967,5.0,4.0
3.167490243911743,5.0,4.0
2.9527587890625,5.0,4.0
2.6696746349334717,4.5950469970703125,3.6666667
1.0343977212905884,3.2727973461151123,2.0
2.8587892055511475,5.0,4.6666665
0.9999999403953552,3.088705062866211,1.0
2.8468124866485596,5.0,4.3333335
2.1898555755615234,4.5466508865356445,5.0
3.215883255004883,5.0,4.3333335
2.5769994258880615,4.219409465789795,4.0
2.7827820777893066,5.0,5.0
1.0204473733901978,3.4975171089172363,2.6666667
2.911048650741577,5.0,4.3333335
1.997317910194397,4.491948127746582,4.0
3.4011714458465576,5.0,4.3333335
3.2439723014831543,5.0,4.3333335
2.3277781009674072,4.642013072967529,4.0
0.9999999403953552,3.1824769973754883,2.0
2.871181011199951,5.0,4.0
0.9999999403953552,2.994793653488159,3.0
3.305677890777588,5.0,4.0
0.9999999403953552,3.101553201675415,2.0
3.2687783241271973,5.0,4.6666665
1.266300082206726,3.2391793727874756,1.0
3.264356851577759,5.0,4.0
0.9999999403953552,4.585121154785156,1.3333334
2.3192951679229736,4.664112091064453,4.6666665
4.031306743621826,5.0,4.6666665
2.7880454063415527,5.0,4.6666665
3.028686285018921,5.0,3.3333333
3.338984727859497,5.0,4.6666665
3.029787063598633,5.0,4.0
0.9999999403953552,4.166585445404053,3.6666667
2.282727003097534,4.397410869598389,2.3333333
2.6213016510009766,4.8152265548706055,4.6666665
2.5469424724578857,4.7925615310668945,3.3333333
3.0039613246917725,5.0,4.3333335
2.904247760772705,5.0,2.6666667
0.9999999403953552,3.395110845565796,3.6666667
2.2754180431365967,4.320417404174805,2.6666667
0.9999999403953552,3.070220470428467,1.6666666
2.6096749305725098,4.346044063568115,4.3333335
0.9999999403953552,3.0988824367523193,1.6666666
2.603970766067505,4.989816665649414,4.3333335
2.554434299468994,4.759688854217529,3.6666667
2.919388771057129,5.0,4.0
0.9999999403953552,3.1609675884246826,4.6666665
2.707895278930664,5.0,3.3333333
1.3893321752548218,3.8454530239105225,2.6666667
1.8378746509552002,4.502843379974365,4.3333335
2.8472368717193604,5.0,4.0
