low,up,y_test
2.894653558731079,5.0,3.3333333
0.9999999403953552,3.131273031234741,2.3333333
2.1581830978393555,4.5998640060424805,2.3333333
1.4481397867202759,4.07016658782959,3.6666667
2.2373268604278564,4.955719947814941,2.3333333
2.3550662994384766,4.904943943023682,4.6666665
3.28810977935791,5.0,4.3333335
2.104544162750244,4.770147800445557,3.3333333
0.9999999403953552,3.2738094329833984,1.6666666
2.2363345623016357,4.923378944396973,4.3333335
2.17708158493042,4.792577743530273,3.0
2.4474568367004395,4.692194938659668,4.0
1.43064546585083,3.7600040435791016,2.3333333
1.3921209573745728,3.5153043270111084,1.6666666
3.335219144821167,5.0,4.3333335
3.2469899654388428,5.0,3.6666667
2.9918909072875977,5.0,5.0
1.4769871234893799,3.79773211479187,2.6666667
2.6105496883392334,4.914912223815918,2.6666667
2.1700103282928467,4.898898601531982,4.0
2.21006178855896,4.84920072555542,2.6666667
2.0171573162078857,4.691442012786865,5.0
1.6174185276031494,4.2695465087890625,3.3333333
0.9999999403953552,3.30527663230896,2.0
2.5043370723724365,4.859229564666748,3.0
1.4361763000488281,4.024112224578857,2.6666667
2.1751222610473633,4.644713401794434,4.3333335
2.1888718605041504,4.903886318206787,4.3333335
3.3042283058166504,5.0,5.0
0.9999999403953552,3.072617769241333,1.6666666
1.511196255683899,3.861157178878784,3.0
3.277630567550659,5.0,4.6666665
2.253108263015747,4.661042213439941,3.6666667
1.6451588869094849,4.475052833557129,3.0
2.1241261959075928,4.637226104736328,4.0
1.3771295547485352,3.7594707012176514,1.6666666
2.4853286743164062,4.763554573059082,2.3333333
1.2820255756378174,3.2941112518310547,3.0
0.9999999403953552,3.4447202682495117,1.6666666
1.5502738952636719,4.274154186248779,3.3333333
1.7503994703292847,4.494724750518799,3.0
2.128316640853882,4.577025890350342,2.6666667
1.561187505722046,4.035499095916748,2.3333333
1.5705769062042236,4.303812503814697,4.0
1.5814762115478516,4.188192844390869,2.3333333
3.294619560241699,5.0,4.3333335
3.3757474422454834,5.0,4.3333335
1.9055696725845337,4.552902698516846,2.0
2.638552188873291,4.826224327087402,4.0
1.4073723554611206,3.7544901371002197,1.6666666
0.9999999403953552,3.0054409503936768,2.3333333
2.2998430728912354,4.662178039550781,4.0
1.6447980403900146,4.327505111694336,2.6666667
2.8624815940856934,4.986302375793457,1.3333334
0.9999999403953552,4.922816753387451,2.6666667
0.9999999403953552,1.5183275938034058,1.3333334
1.6390833854675293,4.443192481994629,3.3333333
2.0293099880218506,4.590498447418213,3.3333333
0.9999999403953552,3.2498629093170166,1.0
1.5436333417892456,4.050246715545654,4.6666665
1.6463552713394165,4.420770168304443,1.6666666
2.9398741722106934,5.0,3.6666667
1.5174057483673096,4.063129901885986,3.6666667
2.0808656215667725,4.585970401763916,4.0
1.483651041984558,3.803541898727417,1.6666666
2.0332303047180176,4.608987331390381,5.0
2.6661672592163086,5.0,4.6666665
3.3320980072021484,4.96820068359375,1.6666666
2.205878496170044,4.638016223907471,2.6666667
1.7838196754455566,4.504831790924072,3.0
1.61149001121521,4.185329437255859,2.3333333
2.854051351547241,4.856966018676758,4.0
2.253108263015747,4.661042213439941,2.6666667
0.9999999403953552,3.293057680130005,1.3333334
1.5179340839385986,4.235975742340088,4.3333335
3.1542351245880127,5.0,4.3333335
3.285592794418335,5.0,4.3333335
1.688778042793274,5.0,4.3333335
1.5891845226287842,4.354298114776611,3.6666667
1.42825186252594,3.7243144512176514,2.6666667
1.391561508178711,3.7149956226348877,3.0
2.83048677444458,4.878347873687744,5.0
2.2833762168884277,4.971485137939453,2.0
2.0666494369506836,4.624993801116943,2.6666667
3.2324907779693604,5.0,4.3333335
0.9999999403953552,3.1772890090942383,1.6666666
2.4835524559020996,4.785678386688232,4.3333335
2.8527958393096924,5.0,5.0
1.8917628526687622,4.520256042480469,5.0
3.3250515460968018,5.0,3.6666667
1.266158103942871,3.377258539199829,1.0
3.362973213195801,5.0,4.0
3.387856960296631,5.0,3.6666667
2.737948417663574,5.0,4.3333335
3.3124260902404785,5.0,4.3333335
1.7721819877624512,4.354918956756592,2.6666667
2.0590033531188965,4.584472179412842,3.3333333
1.204721450805664,3.6476972103118896,3.3333333
3.3250696659088135,5.0,4.3333335
0.9999999403953552,4.919830799102783,4.6666665
3.0688576698303223,5.0,5.0
2.482893705368042,4.842498779296875,2.6666667
3.2198195457458496,5.0,3.0
2.091200828552246,4.656375885009766,4.3333335
3.8516995906829834,4.9805192947387695,4.6666665
3.2862682342529297,5.0,4.0
2.0574052333831787,4.584882736206055,3.3333333
3.2150790691375732,5.0,5.0
1.461873173713684,3.90202260017395,3.6666667
1.4248435497283936,4.0937981605529785,1.6666666
1.5898388624191284,4.364441394805908,3.0
1.4901716709136963,3.843186140060425,1.6666666
3.1801886558532715,5.0,4.3333335
2.172865390777588,4.784813404083252,4.0
0.9999999403953552,3.259596586227417,2.0
3.3033854961395264,5.0,4.3333335
2.3854563236236572,4.927870273590088,3.0
1.5839751958847046,4.348999500274658,4.6666665
1.6353760957717896,4.36594295501709,3.3333333
3.0274152755737305,5.0,3.0
3.3587615489959717,5.0,5.0
3.3541111946105957,4.997636318206787,5.0
3.878960609436035,4.985479354858398,5.0
3.3612849712371826,5.0,4.0
1.7856037616729736,4.414996147155762,2.0
2.2966954708099365,4.707958221435547,4.3333335
1.4756827354431152,3.9763481616973877,1.6666666
1.9133285284042358,4.557032585144043,3.6666667
3.2690787315368652,5.0,3.6666667
2.452775716781616,4.909930229187012,5.0
1.5919654369354248,4.331312656402588,3.0
3.1380817890167236,5.0,5.0
1.530896544456482,4.244899272918701,3.0
1.8619109392166138,5.0,4.0
2.879809856414795,5.0,2.6666667
3.3251802921295166,5.0,2.6666667
3.391662836074829,5.0,4.6666665
3.321808099746704,5.0,3.6666667
3.4443471431732178,5.0,4.6666665
1.4188281297683716,3.70304799079895,3.0
3.3271167278289795,5.0,4.3333335
3.4040448665618896,5.0,5.0
2.8520638942718506,4.882801532745361,4.3333335
3.3855862617492676,5.0,4.6666665
2.296049118041992,5.0,3.0
3.3280014991760254,5.0,4.0
3.242553234100342,5.0,4.6666665
1.457584261894226,3.7717719078063965,2.6666667
2.9935476779937744,5.0,4.6666665
1.3914778232574463,3.863771915435791,3.3333333
1.604583740234375,4.173261642456055,3.0
1.964142084121704,4.57097864151001,2.6666667
1.525247573852539,4.154150009155273,2.6666667
1.4131073951721191,3.592778444290161,2.6666667
1.5462791919708252,4.210258483886719,2.3333333
3.1380817890167236,5.0,4.3333335
1.5422418117523193,4.301923751831055,2.0
1.5809712409973145,4.194975852966309,1.6666666
3.2013280391693115,5.0,5.0
2.9850857257843018,4.946718215942383,4.6666665
3.1777689456939697,4.956193447113037,4.3333335
3.4162747859954834,5.0,4.6666665
1.341990351676941,3.6807169914245605,1.3333334
1.2863478660583496,3.4340760707855225,2.6666667
2.3740358352661133,4.667407035827637,5.0
1.4561436176300049,3.7354586124420166,2.3333333
2.21561598777771,4.630776405334473,3.6666667
2.2775778770446777,4.7752485275268555,5.0
1.368605613708496,3.558058977127075,1.6666666
1.2362771034240723,3.298140525817871,1.6666666
1.4741352796554565,4.030589580535889,2.0
2.0073373317718506,4.566054344177246,2.6666667
1.8521562814712524,5.0,4.3333335
3.093278408050537,5.0,3.0
1.3644390106201172,3.7733957767486572,2.6666667
2.5728001594543457,5.0,2.3333333
2.774798631668091,4.871732711791992,3.6666667
1.7912988662719727,4.530519485473633,3.6666667
3.42808198928833,5.0,4.3333335
3.3470423221588135,5.0,5.0
2.807403087615967,4.919968605041504,4.3333335
1.5857088565826416,4.146061897277832,2.6666667
1.5914819240570068,4.139377117156982,3.0
3.404252767562866,5.0,5.0
2.81695818901062,5.0,4.0
1.6453951597213745,4.245403289794922,2.0
3.1580729484558105,5.0,5.0
3.185153007507324,5.0,4.3333335
1.503485083580017,3.996184825897217,1.6666666
3.2286462783813477,5.0,4.3333335
1.532664179801941,4.144889831542969,4.0
1.4192668199539185,4.118712902069092,2.6666667
3.3393967151641846,5.0,4.6666665
3.365267515182495,5.0,5.0
0.9999999403953552,3.224313259124756,2.0
2.041372537612915,4.619132995605469,3.0
3.3324575424194336,5.0,4.0
3.426090717315674,5.0,4.6666665
1.5711243152618408,4.060615062713623,3.6666667
1.4987273216247559,3.9758505821228027,2.6666667
3.3593802452087402,5.0,4.0
1.5416072607040405,4.162363052368164,2.6666667
1.4778586626052856,3.819826364517212,2.0
1.635343074798584,4.425879001617432,4.0
1.4860930442810059,3.8000197410583496,2.3333333
3.375812292098999,5.0,4.3333335
2.531809091567993,4.7956647872924805,5.0
3.3872768878936768,5.0,4.3333335
1.6005499362945557,4.286437511444092,2.3333333
3.3324575424194336,5.0,4.0
1.5486711263656616,4.185425281524658,2.6666667
1.5537656545639038,4.0826005935668945,3.0
1.577200174331665,4.120985984802246,3.3333333
2.240816116333008,4.961424350738525,2.6666667
2.2163400650024414,4.639856815338135,3.3333333
1.323158860206604,3.4014217853546143,1.6666666
1.5252463817596436,4.055429935455322,3.3333333
1.495682954788208,3.934551239013672,2.3333333
1.612600326538086,4.183261871337891,3.0
2.2826833724975586,4.798151016235352,4.0
1.802738904953003,4.531979084014893,1.6666666
2.514249086380005,5.0,5.0
1.6402816772460938,4.289287090301514,2.3333333
1.5859383344650269,4.372062683105469,3.3333333
1.1608262062072754,3.3258044719696045,1.6666666
3.1418943405151367,5.0,4.3333335
3.28442645072937,5.0,4.6666665
2.263692855834961,5.0,3.3333333
1.821079969406128,4.376152515411377,2.6666667
3.8383800983428955,4.988761901855469,4.3333335
2.102170705795288,4.726068496704102,1.6666666
3.3528597354888916,5.0,4.3333335
1.5729864835739136,4.3346099853515625,2.3333333
2.138826370239258,4.622019290924072,3.0
3.3686211109161377,5.0,4.0
1.7170443534851074,4.343944549560547,3.0
1.5982511043548584,4.426965713500977,2.6666667
1.5867595672607422,4.251547813415527,1.0
2.563699245452881,4.792972087860107,4.3333335
3.314159631729126,5.0,4.3333335
2.2849347591400146,4.770291328430176,3.0
3.3773889541625977,5.0,4.0
1.6778408288955688,4.445260047912598,3.0
3.4378199577331543,5.0,3.0
2.6913435459136963,5.0,4.0
1.6442627906799316,4.382956504821777,1.0
2.323124885559082,4.838651657104492,3.0
3.3295364379882812,5.0,4.6666665
1.269392967224121,3.306097984313965,1.6666666
2.229403018951416,4.951810836791992,4.0
1.3826558589935303,3.775247573852539,2.3333333
3.3448946475982666,5.0,4.3333335
2.4929826259613037,4.853382587432861,4.3333335
2.285661458969116,4.836922645568848,3.3333333
3.3260843753814697,5.0,4.3333335
1.6050130128860474,4.426857948303223,3.0
3.189202308654785,5.0,4.6666665
1.613638997077942,4.251535415649414,3.3333333
1.2547399997711182,3.21012544631958,1.6666666
1.9684749841690063,4.571139335632324,1.6666666
1.4018638134002686,3.641981840133667,2.3333333
1.9097274541854858,4.551441669464111,2.6666667
1.8212710618972778,4.394077301025391,2.3333333
3.3152318000793457,5.0,4.3333335
2.279453754425049,4.650824069976807,4.3333335
1.3925859928131104,3.540942430496216,2.0
2.9108731746673584,4.892762184143066,4.6666665
1.8223886489868164,5.0,3.3333333
1.6023249626159668,4.140885353088379,3.3333333
3.2796123027801514,5.0,4.3333335
1.5387369394302368,4.287957191467285,3.0
2.7633109092712402,4.837019920349121,4.3333335
2.5709280967712402,5.0,4.0
1.6338722705841064,4.482239246368408,5.0
1.5247957706451416,4.1248393058776855,3.3333333
3.413767099380493,5.0,4.3333335
3.4052045345306396,5.0,4.0
2.291564702987671,4.960458278656006,2.6666667
1.4921398162841797,4.061762809753418,3.0
1.4830682277679443,3.9463281631469727,2.0
1.3556755781173706,3.4404408931732178,2.6666667
1.3277555704116821,3.8165102005004883,2.3333333
3.32159686088562,5.0,4.6666665
1.434655785560608,3.716647148132324,2.3333333
2.0190494060516357,4.724366188049316,3.0
1.8553186655044556,4.442302227020264,3.3333333
3.4778850078582764,5.0,4.0
1.5398390293121338,4.716570854187012,2.3333333
3.197702646255493,5.0,3.3333333
2.9482085704803467,4.935439586639404,5.0
2.2681896686553955,4.957372665405273,3.0
3.0774753093719482,4.935308933258057,4.3333335
3.3182425498962402,5.0,4.0
1.3300426006317139,3.6008944511413574,1.6666666
2.4781510829925537,5.0,2.6666667
3.008775472640991,5.0,4.6666665
1.6116966009140015,4.178032875061035,2.0
2.6922359466552734,4.963765621185303,2.6666667
1.2442166805267334,3.772907018661499,4.0
1.5957494974136353,4.200575351715088,3.6666667
3.2813117504119873,5.0,4.6666665
3.292668581008911,5.0,4.6666665
3.257084846496582,5.0,4.3333335
3.3303377628326416,5.0,4.0
1.892508625984192,4.502834320068359,2.0
3.0330824851989746,5.0,3.3333333
0.9999999403953552,3.262934446334839,1.6666666
2.200371026992798,4.905421257019043,2.3333333
3.235553741455078,5.0,4.3333335
1.9964792728424072,4.598301410675049,5.0
3.3451740741729736,5.0,5.0
1.8250000476837158,4.3701701164245605,4.3333335
1.3992540836334229,3.5795419216156006,3.0
2.256117343902588,4.832830905914307,5.0
1.4312727451324463,3.707552671432495,1.3333334
1.566117286682129,4.232511520385742,3.0
2.2498457431793213,4.65301513671875,3.6666667
1.7300255298614502,4.468441486358643,1.6666666
0.9999999403953552,3.265686273574829,1.6666666
2.0314242839813232,4.702879428863525,2.6666667
2.097005605697632,4.640878677368164,4.3333335
3.1170780658721924,5.0,3.6666667
3.383596420288086,5.0,3.6666667
2.0103909969329834,4.60267972946167,3.6666667
2.153789520263672,4.770522594451904,3.3333333
2.105463981628418,4.754117488861084,3.0
1.4397276639938354,3.929879903793335,3.3333333
1.4080766439437866,3.8131420612335205,4.0
1.5055174827575684,3.9688823223114014,2.6666667
0.9999999403953552,3.1612942218780518,2.0
1.8405125141143799,4.504751682281494,2.0
1.4375035762786865,4.023625373840332,4.6666665
2.6921193599700928,5.0,4.0
1.6671969890594482,4.492210388183594,2.6666667
2.1353633403778076,4.662827491760254,4.0
2.349695920944214,4.964230537414551,3.6666667
3.2226192951202393,5.0,4.3333335
1.453750729560852,3.739701271057129,3.3333333
3.1739752292633057,4.970670223236084,4.0
1.6220815181732178,4.430813789367676,4.3333335
3.178720235824585,5.0,4.0
3.313783884048462,5.0,4.3333335
2.097632646560669,4.641660213470459,4.3333335
3.2646484375,5.0,5.0
2.846284866333008,4.919101238250732,4.6666665
2.0803897380828857,4.808020114898682,2.3333333
1.3371440172195435,3.3509910106658936,1.6666666
1.4914697408676147,4.1421709060668945,1.3333334
1.3139255046844482,3.698946475982666,3.0
3.1862757205963135,4.998697280883789,3.6666667
1.968736171722412,4.595301151275635,3.0
3.3232030868530273,5.0,4.0
1.5783047676086426,4.198514461517334,2.6666667
1.217827320098877,3.8202452659606934,2.0
2.2281219959259033,4.662746906280518,4.6666665
0.9999999403953552,3.412846326828003,1.3333334
2.073749542236328,4.646025657653809,3.6666667
1.6542383432388306,4.48914098739624,4.3333335
1.718034029006958,4.498019218444824,2.6666667
1.739816665649414,4.496117115020752,4.0
1.7224129438400269,4.549341678619385,2.3333333
2.030561685562134,4.6196112632751465,3.6666667
3.3870091438293457,5.0,4.3333335
1.974278211593628,4.5869011878967285,4.3333335
2.2667362689971924,4.80208683013916,4.0
1.5664814710617065,4.192062854766846,2.0
2.3331029415130615,5.0,4.0
1.379706621170044,3.745457649230957,2.3333333
3.295050621032715,5.0,4.0
2.0009610652923584,4.589726448059082,2.6666667
2.2669506072998047,4.969487190246582,3.3333333
1.2431676387786865,3.3617520332336426,1.6666666
3.303393602371216,5.0,4.3333335
1.5734645128250122,4.375789165496826,2.0
1.5992285013198853,4.353936195373535,2.6666667
2.907327175140381,4.922188758850098,4.6666665
1.5119739770889282,4.11139440536499,2.3333333
2.0245349407196045,4.6017632484436035,2.6666667
2.5429446697235107,4.829435348510742,3.0
2.094939947128296,4.827234268188477,3.6666667
1.61573326587677,4.396124839782715,1.6666666
3.3449742794036865,5.0,4.3333335
3.324096441268921,5.0,3.6666667
3.403534412384033,5.0,2.6666667
2.1175527572631836,4.67038106918335,3.0
1.6886266469955444,4.534085750579834,3.6666667
1.521255373954773,4.1747636795043945,3.3333333
1.8310188055038452,4.397711753845215,2.6666667
1.525662899017334,4.069961071014404,3.3333333
3.10494327545166,5.0,3.6666667
3.0009732246398926,5.0,4.6666665
1.3989078998565674,3.7555339336395264,2.3333333
2.0795862674713135,4.7495527267456055,3.0
2.3005316257476807,5.0,4.3333335
1.623643159866333,4.341466426849365,1.6666666
2.88077974319458,4.907003879547119,4.0
2.129976272583008,4.882465362548828,3.0
2.7820401191711426,5.0,2.6666667
3.7771310806274414,4.991774559020996,2.3333333
1.3115313053131104,3.299513578414917,2.0
1.641310214996338,4.3451690673828125,2.6666667
1.5440186262130737,4.154989242553711,3.0
1.343492865562439,3.6636691093444824,2.0
2.893772840499878,5.0,3.3333333
1.3896654844284058,3.662928342819214,1.6666666
0.9999999403953552,3.2406413555145264,1.6666666
3.235502004623413,5.0,4.6666665
2.874964952468872,4.937074661254883,4.0
1.4636377096176147,4.315145015716553,2.3333333
2.0139644145965576,5.0,3.0
2.6461615562438965,5.0,5.0
1.5872138738632202,4.167385578155518,2.0
2.0967891216278076,4.8041534423828125,2.3333333
1.6199264526367188,4.462430000305176,4.3333335
2.169703722000122,4.911083698272705,2.6666667
1.3495092391967773,3.7916197776794434,1.3333334
1.490818738937378,4.056178569793701,3.0
1.7508372068405151,4.478089332580566,5.0
3.363732099533081,5.0,4.3333335
1.9968427419662476,4.601598739624023,2.6666667
1.8978233337402344,4.534045219421387,3.3333333
2.2379581928253174,4.638108253479004,4.0
1.7379511594772339,4.482795238494873,3.3333333
3.345741033554077,5.0,4.6666665
1.4430124759674072,3.9504497051239014,4.0
0.9999999403953552,4.991743087768555,3.3333333
2.824134588241577,5.0,3.0
3.199183940887451,5.0,3.3333333
2.0869030952453613,4.625918388366699,3.3333333
3.35904598236084,5.0,4.3333335
1.6041910648345947,4.4185791015625,4.3333335
1.6070466041564941,4.380655288696289,3.0
1.6251899003982544,4.45736837387085,3.0
1.6401097774505615,4.316965579986572,2.6666667
3.4281861782073975,5.0,2.6666667
2.0683205127716064,4.641811370849609,2.3333333
2.6171557903289795,5.0,4.3333335
2.3228776454925537,4.833095550537109,3.6666667
3.3273861408233643,5.0,4.3333335
3.876399278640747,4.974600791931152,4.6666665
1.7157063484191895,5.0,4.3333335
1.6157809495925903,4.449309349060059,2.3333333
1.7810146808624268,4.493282794952393,2.6666667
2.0127785205841064,4.745247840881348,4.3333335
3.227761745452881,5.0,4.3333335
2.2418274879455566,4.90986967086792,3.0
1.3117132186889648,3.464600086212158,1.0
1.490064024925232,4.033614635467529,3.6666667
2.1404764652252197,4.657066345214844,4.0
1.204148769378662,3.2172675132751465,2.6666667
3.146505355834961,5.0,4.6666665
2.9473800659179688,5.0,3.3333333
3.3667044639587402,5.0,4.3333335
1.588908076286316,4.197046279907227,2.6666667
2.032987356185913,4.6315507888793945,2.0
2.6348958015441895,5.0,4.3333335
2.30256986618042,4.906881332397461,3.6666667
3.522064685821533,4.980529308319092,4.6666665
2.08652663230896,4.65550422668457,3.3333333
2.162790536880493,5.0,4.0
3.4104785919189453,5.0,5.0
1.5360033512115479,4.020986557006836,1.6666666
2.149308204650879,4.606924533843994,4.0
2.6235873699188232,5.0,4.0
1.2583961486816406,3.299299716949463,2.0
2.003483295440674,4.517625331878662,3.0
3.341954469680786,5.0,4.6666665
2.661773920059204,4.872988700866699,4.3333335
2.8755128383636475,5.0,4.6666665
2.4745099544525146,4.781693935394287,3.6666667
3.903225898742676,4.976276874542236,4.6666665
1.5083870887756348,3.9555764198303223,3.0
3.008775472640991,5.0,4.3333335
1.905456781387329,4.513908386230469,3.0
3.3436431884765625,5.0,4.3333335
3.277630567550659,5.0,5.0
3.3042283058166504,5.0,4.0
0.9999999403953552,3.1675052642822266,2.0
1.4275468587875366,3.7008862495422363,3.3333333
1.358279824256897,3.524831771850586,3.6666667
3.35904598236084,5.0,4.3333335
2.2666282653808594,4.628852844238281,3.0
1.5020694732666016,4.061830520629883,3.6666667
0.9999999403953552,3.132089138031006,1.3333334
2.203221082687378,4.931763172149658,2.0
1.582818865776062,4.149564743041992,2.0
4.001364707946777,4.976734161376953,4.6666665
1.3276591300964355,3.43448543548584,3.3333333
1.6336778402328491,4.366189956665039,1.6666666
1.9932308197021484,4.56632661819458,2.3333333
1.6235963106155396,4.477757930755615,2.6666667
1.434220552444458,3.956019163131714,3.0
2.824770212173462,4.894937038421631,4.3333335
0.9999999403953552,3.0925285816192627,2.0
1.488163709640503,4.094374656677246,3.0
2.552966833114624,4.797255039215088,3.6666667
3.2803239822387695,5.0,4.3333335
3.2909739017486572,5.0,4.3333335
1.4812486171722412,4.068276882171631,2.3333333
2.5624096393585205,4.8873724937438965,4.6666665
0.9999999403953552,2.186189651489258,1.3333334
3.832657814025879,4.988762855529785,4.6666665
3.046801805496216,5.0,5.0
2.1721456050872803,4.618428707122803,2.0
1.6318774223327637,4.441725254058838,3.3333333
0.9999999403953552,3.4448068141937256,3.0
2.2287371158599854,4.867354869842529,4.3333335
2.696636915206909,4.9117279052734375,2.6666667
1.1807641983032227,3.4503350257873535,2.3333333
1.6482863426208496,4.474451541900635,2.0
2.7997310161590576,5.0,3.0
3.3860201835632324,5.0,3.6666667
3.2413594722747803,5.0,4.6666665
3.1361746788024902,5.0,4.3333335
1.591901421546936,4.183617115020752,3.0
2.2625343799591064,4.892270088195801,5.0
1.428564429283142,3.7692275047302246,4.0
1.5301767587661743,4.063421726226807,3.0
1.5646108388900757,4.135218620300293,3.3333333
1.5428003072738647,4.309118747711182,4.6666665
2.0980677604675293,4.616069316864014,4.6666665
1.5909268856048584,4.390665054321289,1.3333334
3.3023149967193604,5.0,4.3333335
0.9999999403953552,3.0763425827026367,4.6666665
1.4697754383087158,3.845869541168213,2.3333333
3.2287840843200684,5.0,4.3333335
3.222623586654663,4.964179992675781,4.3333335
2.0244803428649902,4.5977702140808105,3.6666667
3.449099063873291,5.0,4.3333335
3.443347454071045,5.0,3.6666667
1.5791488885879517,4.115691661834717,4.3333335
3.21423602104187,5.0,4.0
3.3843460083007812,5.0,4.6666665
1.5005555152893066,4.693201065063477,1.6666666
3.206970453262329,5.0,4.0
1.8762876987457275,4.475201606750488,2.6666667
3.1915531158447266,5.0,3.6666667
1.6149622201919556,4.423768043518066,3.6666667
3.0182483196258545,5.0,2.6666667
3.434095621109009,5.0,4.3333335
1.6110577583312988,4.3949408531188965,4.0
1.2870502471923828,3.172104835510254,2.6666667
3.820359945297241,4.986383438110352,4.6666665
1.918174386024475,4.553863525390625,2.3333333
3.2797975540161133,5.0,4.3333335
1.591533899307251,4.131399631500244,2.6666667
1.9381299018859863,4.561526775360107,3.0
1.5369305610656738,4.095469951629639,3.6666667
3.2478318214416504,5.0,4.0
1.6195571422576904,4.1938676834106445,1.6666666
2.0324535369873047,4.621361255645752,5.0
3.019226551055908,5.0,4.3333335
1.52446448802948,4.055854320526123,3.3333333
2.703305959701538,5.0,4.0
2.01090145111084,4.592647552490234,4.0
2.036447525024414,4.624945640563965,2.6666667
1.5565623044967651,4.037071704864502,2.0
3.409095525741577,5.0,4.0
1.5812904834747314,4.3227763175964355,2.6666667
1.6140977144241333,4.227612018585205,4.3333335
3.0106401443481445,5.0,4.6666665
3.075195550918579,5.0,4.3333335
1.5509366989135742,4.170477390289307,2.6666667
2.4105358123779297,4.876183032989502,2.3333333
1.7068711519241333,4.324056148529053,2.0
1.4457528591156006,3.760666608810425,1.6666666
3.239133596420288,5.0,4.3333335
3.040182590484619,5.0,4.6666665
2.5369555950164795,4.8016204833984375,4.0
1.385308027267456,3.5515246391296387,2.3333333
1.567569375038147,4.255461692810059,5.0
1.6101861000061035,4.236828804016113,4.0
3.3657901287078857,5.0,4.6666665
3.2503585815429688,5.0,4.3333335
3.347750663757324,5.0,4.3333335
1.3564376831054688,3.7586705684661865,1.3333334
1.6274330615997314,4.218438625335693,3.6666667
2.6717605590820312,5.0,4.0
1.3997493982315063,3.5624959468841553,2.0
2.961395263671875,5.0,4.3333335
1.2732234001159668,3.4982495307922363,2.0
1.5098408460617065,3.8328847885131836,3.3333333
2.1383752822875977,4.632567882537842,4.0
3.348626136779785,5.0,4.6666665
2.611806631088257,4.819548606872559,2.6666667
1.5918965339660645,4.213212490081787,2.6666667
1.5748193264007568,4.109077453613281,3.6666667
3.315554141998291,5.0,4.0
2.8851547241210938,5.0,5.0
1.5964516401290894,4.4323930740356445,3.3333333
2.2654106616973877,4.656624794006348,4.3333335
3.046532154083252,5.0,3.0
2.912351369857788,4.922700881958008,4.3333335
3.360408306121826,5.0,4.0
3.3872768878936768,5.0,4.3333335
1.3122010231018066,4.167712688446045,2.0
2.697477340698242,4.942349433898926,4.3333335
2.4946200847625732,4.825181484222412,4.3333335
2.748117208480835,5.0,3.3333333
3.1949944496154785,5.0,4.3333335
2.9267191886901855,5.0,5.0
0.9999999403953552,3.3131868839263916,1.6666666
1.4735908508300781,3.9898154735565186,2.3333333
0.9999999403953552,2.3002238273620605,2.3333333
1.6326926946640015,4.479621887207031,2.0
3.2708044052124023,5.0,4.6666665
3.326315402984619,5.0,4.3333335
2.462505578994751,4.8489179611206055,5.0
1.6303550004959106,4.805666923522949,2.0
3.0608034133911133,4.961225986480713,3.6666667
2.049759864807129,4.634027481079102,4.3333335
1.436995267868042,3.864640712738037,2.0
2.2671079635620117,4.635828018188477,4.3333335
1.4830315113067627,4.087758541107178,2.3333333
2.12874698638916,4.590522289276123,2.6666667
1.5094817876815796,3.959094762802124,1.6666666
3.406916618347168,5.0,5.0
3.11801815032959,5.0,3.0
1.6286956071853638,4.426064968109131,1.3333334
2.23244309425354,4.670421123504639,2.6666667
1.5750564336776733,4.331787586212158,2.0
2.5369555950164795,4.8016204833984375,4.3333335
2.0901196002960205,4.672964096069336,4.3333335
2.408140182495117,5.0,4.3333335
1.4954572916030884,3.8751890659332275,2.3333333
0.9999999403953552,3.639861583709717,3.3333333
1.5863691568374634,4.2141947746276855,2.3333333
1.9359776973724365,4.542600631713867,3.3333333
0.9999999403953552,4.856706619262695,4.6666665
3.1603264808654785,5.0,3.3333333
2.6072206497192383,5.0,2.3333333
2.210493564605713,4.940740585327148,3.0
2.5762696266174316,5.0,4.0
3.354189157485962,5.0,4.6666665
3.2606818675994873,5.0,4.6666665
0.9999999403953552,1.961179494857788,2.0
1.6519246101379395,4.500514507293701,3.6666667
1.9367982149124146,4.601659297943115,1.6666666
1.1904816627502441,3.167755365371704,1.6666666
1.8396108150482178,4.4762091636657715,2.3333333
3.2813117504119873,5.0,4.0
1.5976064205169678,4.200351238250732,2.3333333
1.4282532930374146,3.6887741088867188,1.6666666
0.9999999403953552,1.7576584815979004,4.6666665
1.496595025062561,3.8961541652679443,3.3333333
2.61167049407959,4.8227081298828125,5.0
2.016737699508667,4.5944719314575195,3.6666667
3.123826742172241,5.0,4.3333335
3.2015581130981445,5.0,4.3333335
2.163241386413574,4.593569278717041,4.0
1.6297485828399658,4.618298053741455,3.0
1.8380976915359497,4.473306179046631,3.6666667
3.2577338218688965,5.0,5.0
1.6141343116760254,4.410687446594238,2.0
2.9422619342803955,4.940671443939209,2.6666667
1.4595401287078857,4.175754070281982,3.0
3.26621413230896,5.0,4.6666665
3.3134679794311523,5.0,4.3333335
1.5327831506729126,4.2246479988098145,4.0
1.5559921264648438,4.082213878631592,2.6666667
3.3555827140808105,5.0,5.0
1.5613915920257568,4.161448955535889,4.3333335
1.630584716796875,4.429198265075684,4.0
2.915083885192871,5.0,4.0
2.712371826171875,5.0,4.0
1.5348942279815674,4.21933650970459,1.6666666
2.013521909713745,4.537487983703613,3.3333333
3.169340133666992,5.0,4.0
2.2414565086364746,4.944348335266113,2.0
2.0746026039123535,4.628271579742432,2.3333333
3.2533462047576904,5.0,4.6666665
2.9235503673553467,4.926618576049805,4.0
1.5618088245391846,4.062047004699707,3.6666667
1.7801438570022583,4.498756408691406,4.0
3.0919301509857178,5.0,3.3333333
2.437372922897339,4.754975318908691,2.6666667
1.4464287757873535,3.8457837104797363,2.3333333
2.5276153087615967,5.0,4.0
2.8996617794036865,4.920860767364502,5.0
3.3862483501434326,5.0,4.6666665
3.3727328777313232,5.0,4.0
1.4535666704177856,3.7914273738861084,2.0
2.0072431564331055,4.591888904571533,2.6666667
3.0162861347198486,4.964003562927246,3.3333333
1.602100133895874,4.42824649810791,3.3333333
3.2064740657806396,4.991483688354492,4.3333335
1.399665117263794,3.6436800956726074,2.3333333
3.240614414215088,4.987442493438721,4.3333335
2.2759604454040527,4.755150318145752,3.0
1.5166172981262207,4.105554580688477,3.3333333
2.79876446723938,4.879875183105469,3.3333333
1.4196902513504028,3.6934292316436768,4.0
0.9999999403953552,3.281890630722046,2.0
3.4342477321624756,5.0,5.0
3.277630567550659,5.0,4.3333335
1.5388753414154053,4.086477279663086,4.0
2.7754876613616943,5.0,5.0
2.1928067207336426,4.948353290557861,4.3333335
2.8504936695098877,4.898618698120117,5.0
3.26011323928833,5.0,4.3333335
0.9999999403953552,4.903034687042236,1.6666666
3.3418917655944824,5.0,5.0
1.5736877918243408,4.356688022613525,3.3333333
0.9999999403953552,4.711606979370117,2.6666667
3.292564868927002,5.0,3.0
0.9999999403953552,3.133902072906494,1.6666666
0.9999999403953552,3.3595094680786133,2.0
1.4888553619384766,4.058430194854736,2.0
3.2997260093688965,5.0,4.6666665
1.2828292846679688,3.809526205062866,2.0
1.5861740112304688,4.353203773498535,3.6666667
2.348471164703369,4.803309917449951,3.6666667
2.3170504570007324,4.945661544799805,3.3333333
2.6717605590820312,5.0,4.3333335
3.7107415199279785,4.979859352111816,4.6666665
1.8652980327606201,4.520241737365723,2.3333333
1.2359812259674072,3.3391008377075195,2.0
3.365267515182495,5.0,5.0
1.8198477029800415,4.484551906585693,4.0
1.5587230920791626,4.094638824462891,4.0
1.8575459718704224,4.434899806976318,3.0
1.6122344732284546,4.395209789276123,3.6666667
2.173177719116211,4.762927055358887,3.6666667
2.090412139892578,4.866142749786377,1.6666666
0.9999999403953552,3.1063215732574463,2.3333333
2.2897024154663086,4.663022041320801,4.3333335
1.9977985620498657,4.584183692932129,4.0
2.082972288131714,4.632768630981445,2.6666667
2.2966954708099365,4.707958221435547,4.3333335
0.9999999403953552,3.3603804111480713,2.3333333
3.278677225112915,5.0,4.6666665
2.5723252296447754,4.832448482513428,4.6666665
3.068401336669922,5.0,4.0
2.022369384765625,4.584445953369141,3.6666667
3.0702900886535645,4.956364631652832,4.0
3.0357558727264404,5.0,3.0
3.3429219722747803,4.978430271148682,4.6666665
3.06404972076416,5.0,4.0
2.8009419441223145,5.0,3.6666667
1.4230037927627563,3.7039129734039307,3.0
1.29404616355896,3.6174075603485107,1.3333334
1.1240262985229492,3.2752063274383545,2.3333333
3.385225296020508,5.0,4.3333335
1.9788358211517334,4.59345817565918,2.0
3.439055919647217,5.0,4.3333335
1.3363784551620483,3.4778432846069336,1.0
1.5394227504730225,4.225497722625732,1.6666666
3.374253273010254,5.0,3.3333333
1.6272468566894531,4.323444843292236,3.3333333
2.068970203399658,4.594911098480225,4.3333335
1.3053667545318604,3.308135986328125,2.3333333
3.420759439468384,5.0,5.0
2.7133054733276367,4.837656021118164,3.3333333
2.0389206409454346,4.604683876037598,3.6666667
3.104250431060791,5.0,4.3333335
1.9941587448120117,4.5021071434021,4.3333335
1.6235336065292358,4.416345596313477,2.6666667
2.9971957206726074,4.940608501434326,4.0
1.4444475173950195,3.7953970432281494,2.6666667
3.4778850078582764,5.0,4.3333335
0.9999999403953552,2.091541290283203,1.6666666
2.920612096786499,5.0,3.3333333
2.824780225753784,5.0,4.3333335
3.319753408432007,5.0,4.0
2.984341859817505,4.985589027404785,4.6666665
1.4302159547805786,3.7582809925079346,2.0
1.8016479015350342,4.522985935211182,4.3333335
2.8996617794036865,4.920860767364502,5.0
3.2881462574005127,5.0,4.3333335
2.568521499633789,4.858170032501221,2.3333333
1.5987569093704224,4.422171592712402,2.0
3.352668046951294,5.0,5.0
3.347482442855835,5.0,4.0
2.7820401191711426,5.0,2.6666667
2.2998430728912354,4.662178039550781,4.3333335
1.6512397527694702,4.503570079803467,2.3333333
3.3873448371887207,5.0,4.0
3.3138954639434814,5.0,3.6666667
2.1871755123138428,4.6509575843811035,3.3333333
1.6273587942123413,4.225320816040039,3.0
0.9999999403953552,3.0875039100646973,1.6666666
3.3727002143859863,5.0,3.6666667
2.1258461475372314,4.801003932952881,3.0
3.9641435146331787,4.9629340171813965,4.6666665
2.064326047897339,4.544680595397949,3.3333333
0.9999999403953552,3.474830150604248,2.0
0.9999999403953552,3.3332302570343018,2.0
1.89461350440979,4.553098678588867,4.3333335
3.2552382946014404,5.0,5.0
1.2251899242401123,3.1983203887939453,1.6666666
3.3092331886291504,5.0,5.0
2.6623353958129883,4.8567681312561035,2.0
1.5945428609848022,4.410129070281982,4.0
0.9999999403953552,2.129511833190918,1.3333334
1.4455935955047607,3.9850854873657227,3.6666667
3.3260843753814697,5.0,4.3333335
1.2346606254577637,4.354161262512207,2.3333333
1.2526953220367432,3.651155710220337,3.0
1.4401886463165283,3.6936724185943604,2.6666667
2.163241386413574,4.593569278717041,4.3333335
